# # xx
9.000000000000000000e+00 2.177552096092364877e+02
9.000000000000000000e+00 2.133857343684945818e+02
9.000000000000000000e+00 2.091142125219388390e+02
9.000000000000000000e+00 2.049382310685830078e+02
9.000000000000000000e+00 2.008554415586036441e+02
9.000000000000000000e+00 1.968635582348495063e+02
9.000000000000000000e+00 1.929603562315334386e+02
9.000000000000000000e+00 1.891436698282328450e+02
9.000000000000000000e+00 1.854113907573992890e+02
9.000000000000000000e+00 1.817614665636301936e+02
9.000000000000000000e+00 1.781918990130256759e+02
9.000000000000000000e+00 1.747007425509975178e+02
9.000000000000000000e+00 1.712861028069738154e+02
9.000000000000000000e+00 1.679461351444685988e+02
9.000000000000000000e+00 1.646790432550707521e+02
9.000000000000000000e+00 1.614830777949211438e+02
9.000000000000000000e+00 1.583565350623282200e+02
9.000000000000000000e+00 1.552977557151912436e+02
9.000000000000000000e+00 1.523051235269649339e+02
9.000000000000000000e+00 1.493770641799291070e+02
9.000000000000000000e+00 1.465120440945802045e+02
9.000000000000000000e+00 1.437085692939861303e+02
9.000000000000000000e+00 1.409651843020053548e+02
9.000000000000000000e+00 1.382804710742848613e+02
9.000000000000000000e+00 1.356530479610098894e+02
9.000000000000000000e+00 1.330815687003981225e+02
9.000000000000000000e+00 1.305647214419670092e+02
9.000000000000000000e+00 1.281012277986440324e+02
9.000000000000000000e+00 1.256898419268084837e+02
9.000000000000000000e+00 1.233293496333911605e+02
9.000000000000000000e+00 1.210185675091881023e+02
9.000000000000000000e+00 1.187563420875647893e+02
9.000000000000000000e+00 1.165415490277639776e+02
9.000000000000000000e+00 1.143730923220509368e+02
9.000000000000000000e+00 1.122499035259539397e+02
9.000000000000000000e+00 1.101709410108858265e+02
9.000000000000000000e+00 1.081351892384560358e+02
9.000000000000000000e+00 1.061416580557989278e+02
9.000000000000000000e+00 1.041893820112765781e+02
9.000000000000000000e+00 1.022774196899234340e+02
9.000000000000000000e+00 1.004048530680323381e+02
9.000000000000000000e+00 9.857078688629003693e+01
9.000000000000000000e+00 9.677434804089996589e+01
9.000000000000000000e+00 9.501468499213868313e+01
9.000000000000000000e+00 9.329096718981784875e+01
9.000000000000000000e+00 9.160238451513529867e+01
9.000000000000000000e+00 8.994814673842040520e+01
9.000000000000000000e+00 8.832748299228734368e+01
9.000000000000000000e+00 8.673964125973698458e+01
9.000000000000000000e+00 8.518388787674854257e+01
9.000000000000000000e+00 8.365950704893079148e+01
9.000000000000000000e+00 8.216580038180532597e+01
9.000000000000000000e+00 8.070208642431533974e+01
9.000000000000000000e+00 7.926770022516180347e+01
9.000000000000000000e+00 7.786199290158458552e+01
9.000000000000000000e+00 7.648433122021586428e+01
9.000000000000000000e+00 7.513409718964669537e+01
9.000000000000000000e+00 7.381068766435700468e+01
9.000000000000000000e+00 7.251351395967435565e+01
9.000000000000000000e+00 7.124200147743030698e+01
9.000000000000000000e+00 6.999558934200165083e+01
9.000000000000000000e+00 6.877373004642772969e+01
9.000000000000000000e+00 6.757588910830745021e+01
9.000000000000000000e+00 6.640154473518741440e+01
9.036215300505492820e+00 6.540009362321455910e+01
9.183259868925091496e+00 6.486418242642413645e+01
9.332358358275248733e+00 6.433385354133483247e+01
9.483534360074999725e+00 6.380903779189252845e+01
9.636811671331479090e+00 6.328966698696434179e+01
9.792214295636657795e+00 6.277567390458114005e+01
9.949766444264311005e+00 6.226699227646103196e+01
1.010949253726709429e+01 6.176355677280552214e+01
1.027141720457338181e+01 6.126530298736359015e+01
1.043556528708423237e+01 6.077216742275906114e+01
1.060196183777012635e+01 6.028408747607524276e+01
1.077063212276770088e+01 5.980100142469381552e+01
1.094160162247618828e+01 5.932284841237982675e+01
1.111489603265360415e+01 5.884956843561177919e+01
1.129054126551285897e+01 5.838110233014909056e+01
1.146856345081731732e+01 5.791739175783499860e+01
1.164898893697620075e+01 5.745837919362728741e+01
1.183184429213947375e+01 5.700400791285645852e+01
1.201715630529244905e+01 5.655422197870275625e+01
1.220495198734967524e+01 5.610896622989169913e+01
1.239525857224861127e+01 5.566818626860156627e+01
1.258810351804249805e+01 5.523182844857916507e+01
1.278351450799276456e+01 5.479983986346115898e+01
1.298151945166074661e+01 5.437216833529615911e+01
1.318214648599876426e+01 5.394876240326311745e+01
1.338542397644043902e+01 5.352957131258389012e+01
1.359138051799026670e+01 5.311454500362575715e+01
1.380004493631248330e+01 5.270363410118962122e+01
1.401144628881876208e+01 5.229678990398022620e+01
1.422561386575554998e+01 5.189396437425834563e+01
1.444257719129000961e+01 5.149511012766540574e+01
1.466236602459509619e+01 5.110018042322392517e+01
1.488501036093396834e+01 5.070912915350530170e+01
1.511054043274286052e+01 5.032191083496564232e+01
1.533898671071320408e+01 4.993848059844334841e+01
1.557037990487242496e+01 4.955879417981783774e+01
1.580475096566369153e+01 4.918280791082579384e+01
1.604213108502452201e+01 4.881047871003119809e+01
1.628255169746384112e+01 4.844176407394703432e+01
1.652604448113799762e+01 4.807662206830605101e+01
1.677264135892562180e+01 4.771501131947768215e+01
1.702237449950041537e+01 4.735689100602781565e+01
1.727527631840348477e+01 4.700222085041964704e+01
1.753137947911335104e+01 4.665096111085280484e+01
1.779071689411503954e+01 4.630307257323823222e+01
1.805332172596747142e+01 4.595851654330579095e+01
1.831922738836912501e+01 4.561725483884297461e+01
1.858846754722225825e+01 4.527924978206199569e+01
1.886107612169553605e+01 4.494446419209342025e+01
1.913708728528465031e+01 4.461286137760243520e+01
1.941653546687168586e+01 4.428440512952779073e+01
1.969945535178230855e+01 4.395905971393987954e+01
1.998588188284121614e+01 4.363678986501546575e+01
2.027585026142600100e+01 4.331756077812845263e+01
2.056939594851890618e+01 4.300133810305293025e+01
2.086655466575639295e+01 4.268808793727734496e+01
2.116736239647759277e+01 4.237777681942866081e+01
2.147185538676962224e+01 4.207037172280198689e+01
2.178007014651185003e+01 4.176584004899686420e+01
2.209204345041742101e+01 4.146414962165601992e+01
2.240781233907296865e+01 4.116526868030603481e+01
2.272741411997620276e+01 4.086916587429739423e+01
2.305088636857116313e+01 4.057581025684273612e+01
2.337826692928097927e+01 4.028517127915058893e+01
2.370959391653930837e+01 3.999721878465503977e+01
2.404490571581809633e+01 3.971192300333621716e+01
2.438424098465417345e+01 3.942925454613386194e+01
2.472763865367286940e+01 3.914918439944918305e+01
2.507513792760926563e+01 3.887168391973531101e+01
2.542677828632711012e+01 3.859672482817390460e+01
2.578259948583521677e+01 3.832427920543712929e+01
2.614264155930129263e+01 3.805431948653230734e+01
2.650694481806311842e+01 3.778681845572970843e+01
2.687554985263721719e+01 3.752174924156962987e+01
2.724849753372506100e+01 3.725908531194980355e+01
2.762582901321599493e+01 3.699880046928977606e+01
2.800758572518838108e+01 3.674086884577222634e+01
2.839380938690690925e+01 3.648526489865886191e+01
2.878454199981804251e+01 3.623196340568101448e+01
2.917982585054222966e+01 3.598093946050173031e+01
2.957970351186315838e+01 3.573216846825005888e+01
2.998421784371422660e+01 3.548562614112483260e+01
3.039341199416228534e+01 3.524128849406744024e+01
3.080732940038816992e+01 3.499913184050256376e+01
3.122601378966419006e+01 3.475913278814487484e+01
3.164950918032877070e+01 3.452126823487184737e+01
3.207785988275800548e+01 3.428551536465994332e+01
3.251111050033399152e+01 3.405185164358498895e+01
3.294930593040994893e+01 3.382025481588360094e+01
3.339249136527259765e+01 3.359070290007646520e+01
3.384071229310070095e+01 3.336317418515108102e+01
3.429401449892090881e+01 3.313764722680382846e+01
3.475244406556009125e+01 3.291410084373991651e+01
3.521604737459426104e+01 3.269251411402993313e+01
3.568487110729441270e+01 3.247286637152332389e+01
3.615896224556889393e+01 3.225513720231602832e+01
3.663836807290206821e+01 3.203930644127272132e+01
3.712313617529020604e+01 3.182535416860233823e+01
3.761331444217318420e+01 3.161326070648592435e+01
3.810895106736303717e+01 3.140300661575571795e+01
3.861009454996913348e+01 3.119457269262531440e+01
3.911679369531937311e+01 3.098793996546887897e+01
3.962909761587815183e+01 3.078308969165045283e+01
4.014705573216040335e+01 3.058000335439993833e+01
4.067071777364216700e+01 3.037866265973765678e+01
4.120013377966753865e+01 3.017904953344467955e+01
4.173535410035157156e+01 2.998114611807937280e+01
4.227642939747977380e+01 2.978493477003863177e+01
4.282341064540347020e+01 2.959039805666350276e+01
4.337634913193181063e+01 2.939751875338833642e+01
4.393529645921948656e+01 2.920627984093288276e+01
4.450030454465072438e+01 2.901666450253611629e+01
4.507142562171959099e+01 2.882865612123197252e+01
4.564871224090585855e+01 2.864223827716548243e+01
4.623221727054762198e+01 2.845739474494885357e+01
4.682199389770912745e+01 2.827410949105753701e+01
4.741809562904513342e+01 2.809236667126435805e+01
4.802057629166113628e+01 2.791215062811230396e+01
4.862949003396920489e+01 2.773344588842435243e+01
4.924489132654026236e+01 2.755623716085095509e+01
4.986683496295149354e+01 2.738050933345278537e+01
5.049537606063023532e+01 2.720624747132006860e+01
5.113057006169362495e+01 2.703343681422668610e+01
5.177247273378329595e+01 2.686206277431863754e+01
5.242114017089684808e+01 2.669211093383701083e+01
5.307662879421435775e+01 2.652356704287410594e+01
5.373899535292082419e+01 2.635641701716217966e+01
5.440829692502432380e+01 2.619064693589533377e+01
5.508459091816947506e+01 2.602624303958242180e+01
5.576793507044715881e+01 2.586319172793196941e+01
5.645838745119917945e+01 2.570147955776763737e+01
5.715600646181881928e+01 2.554109324097386846e+01
5.786085083654722894e+01 2.538201964247195619e+01
5.857297964326431128e+01 2.522424577822486569e+01
5.929245228427635084e+01 2.506775881327141775e+01
6.001932849709854167e+01 2.491254605978886261e+01
6.075366835523233533e+01 2.475859497518312935e+01
6.149553226893966240e+01 2.460589316020728035e+01
6.224498098601110030e+01 2.445442835710644758e+01
6.300207559253035328e+01 2.430418844778979803e+01
6.376687751363338919e+01 2.415516145202881049e+01
6.453944851426382456e+01 2.400733552568128459e+01
6.531985069992224169e+01 2.386069895894081228e+01
6.610814651741242187e+01 2.371524017461129574e+01
6.690439875558132599e+01 2.357094772640638425e+01
6.770867054605537305e+01 2.342781029727276021e+01
6.852102536397130450e+01 2.328581669773753049e+01
6.934152702870233043e+01 2.314495586427925744e+01
7.017023970457991311e+01 2.300521685772197245e+01
7.100722790161023568e+01 2.286658886165198012e+01
7.185255647618537012e+01 2.272906118085715121e+01
7.270629063179086415e+01 2.259262323978829556e+01
7.356849591970711799e+01 2.245726458104233458e+01
7.443923823970625619e+01 2.232297486386678997e+01
7.531858384074431001e+01 2.218974386268520504e+01
7.620659932164794270e+01 2.205756146564372244e+01
7.710335163179685480e+01 2.192641767317769563e+01
7.800890807180013553e+01 2.179630259659858282e+01
7.892333629416842200e+01 2.166720645670069700e+01
7.984670430398102781e+01 2.153911958238721169e+01
8.077908045954701777e+01 2.141203240931558582e+01
8.172053347306244575e+01 2.128593547856194945e+01
8.267113241126156709e+01 2.116081943530375398e+01
8.363094669606337561e+01 2.103667502752111318e+01
8.460004610521274060e+01 2.091349310471605705e+01
8.557850077291642776e+01 2.079126461664945325e+01
8.656638119047386226e+01 2.066998061209553583e+01
8.756375820690324474e+01 2.054963223761368241e+01
8.857070302956115881e+01 2.043021073633712348e+01
8.958728722475868267e+01 2.031170744677842421e+01
9.061358271837015366e+01 2.019411380165115233e+01
9.164966179643920441e+01 2.007742132670829349e+01
9.269559710577651401e+01 1.996162163959600022e+01
9.375146165455520020e+01 1.984670644872367262e+01
9.481732881289853765e+01 1.973266755214890011e+01
9.589327231346405256e+01 1.961949683647832288e+01
9.697936625202072491e+01 1.950718627578290665e+01
9.807568508802209806e+01 1.939572793052850486e+01
9.918230364517347653e+01 1.928511394652051436e+01
1.002992971119934822e+02 1.917533655386345259e+01
1.014267410423706650e+02 1.906638806593420199e+01
1.025647113561144010e+02 1.895826087836937646e+01
1.037132843395001629e+02 1.885094746806642263e+01
1.048725366458098449e+02 1.874444039219823921e+01
1.060425452958662049e+02 1.863873228724097331e+01
1.072233876785620055e+02 1.853381586801527803e+01
1.084151415513833427e+02 1.842968392674006139e+01
1.096178850409283001e+02 1.832632933209922044e+01
1.108316966434182689e+02 1.822374502832091991e+01
1.120566552252065833e+02 1.812192403426923448e+01
1.132928400232782309e+02 1.802085944254773153e+01
1.145403306457471757e+02 1.792054441861556313e+01
1.157992070723456663e+02 1.782097219991464954e+01
1.170695496549089540e+02 1.772213609500927234e+01
1.183514391178554490e+02 1.762402948273654957e+01
1.196449565586584924e+02 1.752664581136864186e+01
1.209501834483156699e+02 1.742997859778578018e+01
1.222672016318103516e+02 1.733402142666040291e+01
1.235960933285684149e+02 1.723876794965222459e+01
1.249369411329088990e+02 1.714421188461380652e+01
1.262898280144894869e+02 1.705034701480661496e+01
1.276548373187461323e+02 1.695716718812756696e+01
1.290320527673268316e+02 1.686466631634575819e+01
1.304215584585199394e+02 1.677283837434908875e+01
1.318234388676760602e+02 1.668167739940093597e+01
1.332377788476258900e+02 1.659117749040665046e+01
1.346646636290903700e+02 1.650133280718951312e+01
1.361041788210862080e+02 1.641213756977615645e+01
1.375564104113257713e+02 1.632358605769168847e+01
1.390214447666102444e+02 1.623567260926351707e+01
1.404993686332184950e+02 1.614839162093456437e+01
1.419902691372892036e+02 1.606173754658555097e+01
1.434942337851965704e+02 1.597570489686568074e+01
1.450113504639224686e+02 1.589028823853243289e+01
1.465417074414199305e+02 1.580548219379968877e+01
1.480853933669739320e+02 1.572128143969438163e+01
1.496424972715532533e+02 1.563768070742154492e+01
1.512131085681587876e+02 1.555467478173735252e+01
1.527973170521658517e+02 1.547225850033060190e+01
1.543952129016586241e+02 1.539042675321171671e+01
1.560068866777621110e+02 1.530917448211009280e+01
1.576324293249650736e+02 1.522849667987889255e+01
1.592719321714386922e+02 1.514838838990746694e+01
1.609254869293504839e+02 1.506884470554155797e+01
1.625931856951686143e+02 1.498986076951066693e+01
1.642751209499657534e+02 1.491143177336297576e+01
1.659713855597118766e+02 1.483355295690719444e+01
1.676820727755645066e+02 1.475621960766187790e+01
1.694072762341520502e+02 1.467942706031151623e+01
1.711470899578509659e+02 1.460317069616960417e+01
1.729016083550573910e+02 1.452744594264852829e+01
1.746709262204540778e+02 1.445224827273633039e+01
1.764551387352683776e+02 1.437757320447982146e+01
1.782543414675272118e+02 1.430341630047449009e+01
1.800686303723059609e+02 1.422977316736069753e+01
1.818981017919692533e+02 1.415663945532638479e+01
1.837428524564082295e+02 1.408401085761589222e+01
1.856029794832707012e+02 1.401188311004505849e+01
1.874785803781859101e+02 1.394025199052243913e+01
1.893697530349834608e+02 1.386911331857639773e+01
1.912765957359054312e+02 1.379846295488836816e+01
1.931992071518135958e+02 1.372829680083172299e+01
1.951376863423906798e+02 1.365861079801659272e+01
1.970921327563351895e+02 1.358940092784016862e+01
1.990626462315506160e+02 1.352066321104288704e+01
2.010493269953291531e+02 1.345239370726998196e+01
2.030522756645286506e+02 1.338458851463844645e+01
2.050715932457440829e+02 1.331724376930947962e+01
2.071073811354731049e+02 1.325035564506619679e+01
2.091597411202770900e+02 1.318392035289673636e+01
2.112287753769323615e+02 1.311793414058211305e+01
2.133145864725811123e+02 1.305239329228971634e+01
2.154172773648708983e+02 1.298729412817131923e+01
2.175369514020921713e+02 1.292263300396651005e+01
2.196737123233078819e+02 1.285840631061059902e+01
2.218276642584787339e+02 1.279461047384761407e+01
2.239989117285799125e+02 1.273124195384793467e+01
2.261157564539617510e+02 1.265623642970579432e+01
2.276405254819019035e+02 1.248147122413786292e+01
2.291728885339941257e+02 1.230941799150238403e+01
2.307128677403401582e+02 1.214003028466529521e+01
2.322604852287213362e+02 1.197326252334432795e+01
2.338157631243960850e+02 1.180906997664745361e+01
2.353787235499000872e+02 1.164740874598796694e+01
2.369493886248457954e+02 1.148823574836776729e+01
2.385277804657213210e+02 1.133150870002049970e+01
2.401139211856929592e+02 1.117718610040582661e+01
2.417078328944035661e+02 1.102522721654754534e+01
2.433095376977763067e+02 1.087559206770682785e+01
2.449190576978145941e+02 1.072824141038380752e+01
2.465364149924063213e+02 1.058313672363921221e+01
2.481616316751247382e+02 1.044024019472949938e+01
2.497947298350329675e+02 1.029951470504772004e+01
2.514357315564873829e+02 1.016092381636378050e+01
2.530846589189418978e+02 1.002443175735670700e+01
2.547415339967516275e+02 9.890003410432909092e+00
2.564063788589803039e+02 9.757604298823398636e+00
2.580792155692039387e+02 9.627200573954276308e+00
2.597600661853171573e+02 9.498759003083659280e+00
2.614489527593412959e+02 9.372246957199706685e+00
2.631458973372298260e+02 9.247632399173376427e+00
2.648509219586765084e+02 9.124883872160474141e+00
2.665640486569240011e+02 9.003970488247341919e+00
2.682852994585720694e+02 8.884861917334646364e+00
2.700146963833865925e+02 8.767528376254031031e+00
2.717522614441090241e+02 8.651940618112552883e+00
2.734980166462673310e+02 8.538069921859470668e+00
2.752519839879859092e+02 8.425888082070869700e+00
2.770141854597958968e+02 8.315367398946889921e+00
2.787846430444494672e+02 8.206480668517222909e+00
2.805633787167285504e+02 8.099201173049843661e+00
2.823504144432608314e+02 7.993502671658863079e+00
2.841457721823298357e+02 7.889359391106843589e+00
2.859494738836910415e+02 7.786746016797378545e+00
2.877615414883855465e+02 7.685637683953776111e+00
2.895819969285531670e+02 7.586009968979664286e+00
2.914108621272501409e+02 7.487838880997571778e+00
2.932481589982634205e+02 7.391100853561586526e+00
2.950939094459275793e+02 7.295772736540236281e+00
2.969481353649413791e+02 7.201831788165885762e+00
2.988108586401854723e+02 7.109255667247023069e+00
3.006821011465395372e+02 7.018022425539814257e+00
3.025618847487023118e+02 6.928110500275547423e+00
3.044502313010091257e+02 6.839498706840568154e+00
3.063471626472519347e+02 6.752166231605205127e+00
3.082527006204998088e+02 6.666092624898714014e+00
3.101668670429195345e+02 6.581257794126903704e+00
3.120896837255953642e+02 6.497641997029405481e+00
3.140211724683533134e+02 6.415225835073593785e+00
3.159613550595811944e+02 6.333990246982074801e+00
3.179102532760526856e+02 6.253916502391042798e+00
3.198678888827497531e+02 6.174986195636622988e+00
3.218342836326876863e+02 6.097181239666288555e+00
3.238094592667393385e+02 6.020483860072977755e+00
3.257934375134591392e+02 5.944876589248949017e+00
3.277862400889103469e+02 5.870342260657040789e+00
3.297878886964898584e+02 5.796864003216723127e+00
3.317984050267547786e+02 5.724425235802507395e+00
3.338178107572520616e+02 5.653009661852281376e+00
3.358461275523438303e+02 5.582601264083320025e+00
3.378833770630356526e+02 5.513184299313564907e+00
3.399295809268082849e+02 5.444743293386045124e+00
3.419847607674444134e+02 5.377263036194113610e+00
3.440489381948603409e+02 5.310728576805487933e+00
3.461221348049364224e+02 5.245125218683003965e+00
3.482043721793472173e+02 5.180438514999884170e+00
3.502956718853947677e+02 5.116654264047717504e+00
3.523960554758411376e+02 5.053758504735037071e+00
3.545055444887402700e+02 4.991737512174734270e+00
3.566241604472714926e+02 4.930577793358323468e+00
3.587519248595751264e+02 4.870266082915220451e+00
3.608888592185855941e+02 4.810789338955425265e+00
3.630349850018687334e+02 4.752134738993619933e+00
3.651903236714554168e+02 4.694289675953177365e+00
3.673548966736787520e+02 4.637241754248290881e+00
3.695287254390120211e+02 4.580978785942670051e+00
3.717118313819065634e+02 4.525488786983088652e+00
3.739042359006273273e+02 4.470759973506444496e+00
3.761059603770947888e+02 4.416780758218531666e+00
3.783170261767226634e+02 4.363539746843277278e+00
3.805374546482592564e+02 4.311025734640801410e+00
3.827672671236256292e+02 4.259227702992994580e+00
3.850064849177592805e+02 4.208134816055135730e+00
3.872551293284543021e+02 4.157736417472295720e+00
3.895132216362055715e+02 4.108022027159015543e+00
3.917807831040482824e+02 4.058981338141130379e+00
3.940578349774055482e+02 4.010604213458365486e+00
3.963443984839296377e+02 3.962880683126500436e+00
3.986404948333486118e+02 3.915800941157768555e+00
4.009461452173092084e+02 3.869355342638544304e+00
4.032613708092256388e+02 3.823534400862809601e+00
4.055861927641242914e+02 3.778328784520591732e+00
4.079206322184910505e+02 3.733729314939975730e+00
4.102647102901190692e+02 3.689726963381798619e+00
4.126184480779579644e+02 3.646312848385856675e+00
4.149818666619616465e+02 3.603478233167544786e+00
4.173549871029384803e+02 3.561214523064033965e+00
4.197378304423997406e+02 3.519513263028821726e+00
4.221304177024135811e+02 3.478366135173823093e+00
4.245327698854524670e+02 3.437764956357941326e+00
4.269449079742493041e+02 3.397701675821202194e+00
4.293668529316460081e+02 3.358168372863549411e+00
4.317986257004483264e+02 3.319157254567398407e+00
4.342402472032810010e+02 3.280660653563072238e+00
4.366917383424386685e+02 3.242671025836211474e+00
4.391531199997436374e+02 3.205180948576373812e+00
4.416244130364011653e+02 3.168183118065998283e+00
4.441056382928543371e+02 3.131670347608837002e+00
4.465968165886413317e+02 3.095635565497200759e+00
4.490979687222526877e+02 3.060071813017118725e+00
4.516091154709904458e+02 3.024972242490745700e+00
4.541302775908242211e+02 2.990330115355216201e+00
4.566614758162532439e+02 2.956138800277265499e+00
4.592027308601639675e+02 2.922391771302841779e+00
4.617540634136910853e+02 2.889082606041101453e+00
4.643154941460789473e+02 2.856204983882051796e+00
4.668870437045432027e+02 2.823752684247149425e+00
4.694687327141322726e+02 2.791719584872284443e+00
4.720605817775903574e+02 2.760099660122445897e+00
4.746626114752213539e+02 2.728886979337436625e+00
4.772748423647523737e+02 2.698075705208109465e+00
4.798972949811985700e+02 2.667660092182392084e+00
4.825299898367285891e+02 2.637634484900663434e+00
4.851729474205305337e+02 2.607993316659756200e+00
4.878261881986770163e+02 2.578731107905176678e+00
4.904897326139936808e+02 2.549842464750849302e+00
4.931636010859281214e+02 2.521322077525930627e+00
4.958478140104144245e+02 2.493164719348170966e+00
4.985423917597456693e+02 2.465365244723230376e+00
5.012473546824404593e+02 2.437918588169525336e+00
5.039627231031156498e+02 2.410819762868085192e+00
5.066885173223560628e+02 2.384063859336883695e+00
5.094247576165856231e+02 2.357646044129239726e+00
5.121714642379384941e+02 2.331561558555786284e+00
5.149286574141333404e+02 2.305805717429553425e+00
5.176963573483462824e+02 2.280373907833728619e+00
5.204745842190825442e+02 2.255261587911640220e+00
5.232633581800533875e+02 2.230464285678533720e+00
5.260626993600494643e+02 2.205977597854769989e+00
5.288726278628167847e+02 2.181797188719960978e+00
5.316931637669347310e+02 2.157918788987679193e+00
5.345243271256891830e+02 2.134338194700355462e+00
5.373661379669529197e+02 2.111051266143951999e+00
5.402186162930622686e+02 2.088053926782066139e+00
5.430817820806969394e+02 2.065342162209033106e+00
5.459556552807574690e+02 2.042912019121730260e+00
5.488402558182471012e+02 2.020759604309716018e+00
5.517356035921503690e+02 1.998881083663293978e+00
5.546417184753153151e+02 1.977272681199234494e+00
5.575586203143346893e+02 1.955930678103781961e+00
5.604863289294278275e+02 1.934851411792642084e+00
5.634248641143246914e+02 1.914031274987572084e+00
5.663742456361487712e+02 1.893466714809332041e+00
5.693344932353006698e+02 1.873154231886654086e+00
5.723056266253421427e+02 1.853090379480913708e+00
5.752876654928846847e+02 1.833271762626220713e+00
5.782806294974714092e+02 1.813695037284661637e+00
5.812845382714650668e+02 1.794356909516352738e+00
5.842994114199366322e+02 1.775254134664093764e+00
5.873252685205504804e+02 1.756383516552289414e+00
5.903621291234542241e+02 1.737741906699900252e+00
5.934100127511670735e+02 1.719326203547163257e+00
5.964689388984704692e+02 1.701133351695810703e+00
5.995389270322957600e+02 1.683160341162543316e+00
6.026199965916168821e+02 1.665404206645500818e+00
6.057121669873412202e+02 1.647862026803511126e+00
6.088154576022027413e+02 1.630530923547844457e+00
6.119298877906497864e+02 1.613408061346272460e+00
6.150554768787453668e+02 1.596490646539192371e+00
6.181922441640535908e+02 1.579775926667583485e+00
6.213402089155397334e+02 1.563261189812579222e+00
6.244993903734620062e+02 1.546943763946476702e+00
6.276698077492675338e+02 1.530821016294892978e+00
6.308514802254877623e+02 1.514890352709949983e+00
6.340444269556381869e+02 1.499149217054221328e+00
6.372486670641106912e+02 1.483595090595289046e+00
6.404642196460771402e+02 1.468225491410659833e+00
6.436911037673813780e+02 1.453037973802921989e+00
6.469293384644446405e+02 1.438030127724875484e+00
6.501789427441606222e+02 1.423199578214537464e+00
6.534399355837966823e+02 1.408543984839762508e+00
6.567123359308980071e+02 1.394061041152351299e+00
6.599961627031824491e+02 1.379748474151460513e+00
6.632914347884490098e+02 1.365604043756152741e+00
6.665981710444759756e+02 1.351625542286900794e+00
6.699163902989274675e+02 1.337810793955885647e+00
6.732461113492541926e+02 1.324157654365970771e+00
6.765873529625996525e+02 1.310664010018123715e+00
6.799401338757023723e+02 1.297327777827195661e+00
6.833044727948072250e+02 1.284146904645867560e+00
6.866803883955652736e+02 1.271119366796637395e+00
6.900678993229423668e+02 1.258243169611698464e+00
6.934670241911278481e+02 1.245516346980544808e+00
6.968777815834421290e+02 1.232936960905210766e+00
7.003001900522432379e+02 1.220503101062949458e+00
7.037342681188371216e+02 1.208212884376273610e+00
7.071800342733873777e+02 1.196064454590182180e+00
7.106375069748243050e+02 1.184055981856463990e+00
7.141067046507571376e+02 1.172185662324954469e+00
7.175876456973844597e+02 1.160451717741611821e+00
7.210803484794046199e+02 1.148852395053287179e+00
7.245848313299313759e+02 1.137385966019088812e+00
7.281011125504056736e+02 1.126050726828207837e+00
7.316292104105066301e+02 1.114844997724074194e+00
7.351691431480684287e+02 1.103767122634783382e+00
7.387209289689956222e+02 1.092815468809609891e+00
7.422845860471762762e+02 1.081988426461571784e+00
7.458601325243980682e+02 1.071284408415874134e+00
7.494475865102667740e+02 1.060701849764183580e+00
7.530469660821212301e+02 1.050239207524586771e+00
7.566582892849509108e+02 1.039894960307164329e+00
7.602815741313165745e+02 1.029667607985053746e+00
7.639168386012634073e+02 1.019555671370929506e+00
7.675641006422481496e+02 1.009557691898794518e+00
7.712233781690523529e+02 9.996722313109723812e-01
7.748946890637042770e+02 9.898978713502500915e-01
7.785780511754034023e+02 9.802332134570358457e-01
7.822734823204365284e+02 9.706768784714744358e-01
7.859810002821027410e+02 9.612275063404217557e-01
7.897006228106376966e+02 9.518837558291984857e-01
7.934323676231322224e+02 9.426443042380224790e-01
7.971762524034609214e+02 9.335078471230785491e-01
8.009322948022015680e+02 9.244730980220871031e-01
8.047005124365648498e+02 9.155387881843494169e-01
8.084809228903152416e+02 9.067036663051513123e-01
8.122735437137014287e+02 8.979664982644773863e-01
8.160783924233777498e+02 8.893260668699382032e-01
8.198954865023363254e+02 8.807811716038581595e-01
8.237248433998300925e+02 8.723306283744313161e-01
8.275664805313051602e+02 8.639732692708897988e-01
8.314204152783253221e+02 8.557079423226192638e-01
8.352866649885039578e+02 8.475335112621371625e-01
8.391652469754333197e+02 8.394488552918737412e-01
8.430561785186150701e+02 8.314528688546952706e-01
8.469594768633888862e+02 8.235444614081074421e-01
8.508751592208684542e+02 8.157225572020623261e-01
8.548032427678670047e+02 8.079860950603177105e-01
8.587437446468354665e+02 8.003340281652878696e-01
8.626966819657936867e+02 7.927653238463235885e-01
8.666620717982622182e+02 7.852789633713544992e-01
8.706399311831977457e+02 7.778739417418627511e-01
8.746302771249287389e+02 7.705492674910928708e-01
8.786331265930878089e+02 7.633039624854733862e-01
8.826484965225496353e+02 7.561370617291909291e-01
8.866764038133682106e+02 7.490476131718466490e-01
8.907168653307090835e+02 7.420346775191560829e-01
8.947698979047918328e+02 7.350973280466481796e-01
8.988355183308232199e+02 7.282346504162841017e-01
9.029137433689386398e+02 7.214457424959895837e-01
9.070045897441410716e+02 7.147297141820037059e-01
9.111080741462357082e+02 7.080856872240396394e-01
9.152242132297785702e+02 7.015127950531736545e-01
9.193530236140063607e+02 6.950101826124480686e-01
9.234945218827861027e+02 6.885770061901177463e-01
9.276487245845517009e+02 6.822124332555118409e-01
9.318156482322496004e+02 6.759156422974567091e-01
9.359953093032748939e+02 6.696858226652244728e-01
9.401877242394210725e+02 6.635221744119566001e-01
9.443929094468202265e+02 6.574239081405358620e-01
9.486108812958879071e+02 6.513902448518446020e-01
9.528416561212668512e+02 6.454204157953892240e-01
9.570852502217718438e+02 6.395136623222400507e-01
9.613416798603376492e+02 6.336692357402499143e-01
9.656109612639602346e+02 6.278863971715229475e-01
9.698931106236483402e+02 6.221644174120704029e-01
9.741881440943676580e+02 6.165025767936603840e-01
9.784960777949909243e+02 6.109001650477755563e-01
9.828169278082415303e+02 6.053564811716803939e-01
9.871507101806447508e+02 5.998708332965532186e-01
9.914974409224797682e+02 5.944425385576381782e-01
9.958571360077214649e+02 5.890709229663955160e-01
1.000229811374000064e+03 5.837553212846160466e-01
1.004615482922544061e+03 5.784950769004657545e-01
1.009014166518132470e+03 5.732895417064184374e-01
1.013425877989050377e+03 5.681380759790739532e-01
1.017850633127038805e+03 5.630400482607921253e-01
