# # xx
1.124190283306031368e+01 6.297707830137127530e+03 6.297707830137152996e+03
1.138878843635117200e+01 6.130816330068360912e+03 6.130816330068375464e+03
1.153723015289463127e+01 5.968736125141630509e+03 5.968736125141627781e+03
1.168724019732838038e+01 5.811317817323981217e+03 5.811317817323980307e+03
1.183883083977331019e+01 5.658416967183470661e+03 5.658416967183489760e+03
1.199201440579640554e+01 5.509893919044151517e+03 5.509893919044157883e+03
1.214680327637202772e+01 5.365613632658281858e+03 5.365613632658271854e+03
1.230320988784153258e+01 5.225445521139905395e+03 5.225445521139904486e+03
1.246124673187130050e+01 5.089263294914593644e+03 5.089263294914613653e+03
1.262092635540905405e+01 4.956944811450308407e+03 4.956944811450292036e+03
1.278226136063851825e+01 4.828371930543616145e+03 4.828371930543608869e+03
1.294526440493257091e+01 4.703430374945714902e+03 4.703430374945698532e+03
1.310994820080460421e+01 4.582009596119963135e+03 4.582009596119951311e+03
1.327632551585839593e+01 4.464002644932656040e+03 4.464002644932664225e+03
1.344440917273630554e+01 4.349306047085816317e+03 4.349306047085813589e+03
1.361421204906583782e+01 4.237819683108862591e+03 4.237819683108869867e+03
1.378574707740466287e+01 4.129446672733783998e+03 4.129446672733778541e+03
1.395902724518393612e+01 4.024093263484779072e+03 4.024093263484790441e+03
1.413406559465014567e+01 3.921668723320946356e+03 3.921668723320958634e+03
1.431087522280526336e+01 3.822085237176419923e+03 3.822085237176445844e+03
1.448946928134533785e+01 3.725257807249297002e+03 3.725257807249293819e+03
1.466986097659752986e+01 3.631104156895766664e+03 3.631104156895784399e+03
1.485206356945556827e+01 3.539544637992911703e+03 3.539544637992928074e+03
1.503609037531361459e+01 3.450502141637382920e+03 3.450502141637382465e+03
1.522195476399854108e+01 3.363902012054161787e+03 3.363902012054164970e+03
1.540967015970075416e+01 3.279671963593520104e+03 3.279671963593516011e+03
1.559925004090335499e+01 3.197742000699464825e+03 3.197742000699470282e+03
1.579070794030973701e+01 3.118044340737754283e+03 3.118044340737762013e+03
1.598405744476983337e+01 3.040513339575629288e+03 3.040513339575637474e+03
1.617931219520453823e+01 2.965085419810101484e+03 2.965085419810103758e+03
1.637648588652887227e+01 2.891699001545298870e+03 2.891699001545298870e+03
1.657559226757344817e+01 2.820294435623620757e+03 2.820294435623616209e+03
1.677664514100450077e+01 2.750813939218921860e+03 2.750813939218940504e+03
1.697965836324238609e+01 2.683201533703801033e+03 2.683201533703800578e+03
1.718464584437857567e+01 2.617402984706143343e+03 2.617402984706140160e+03
1.739162154809115535e+01 2.553365744274015924e+03 2.553365744274025474e+03
1.760059949155878911e+01 2.491038895070382296e+03 2.491038895070393664e+03
1.781159374537334017e+01 2.430373096522717333e+03 2.430373096522722790e+03
1.802461843345081505e+01 2.371320532855356305e+03 2.371320532855350393e+03
1.823968773294097900e+01 2.313834862935174442e+03 2.313834862935178080e+03
1.845681587413549352e+01 2.257871171863923792e+03 2.257871171863930158e+03
1.867601714037453675e+01 2.203385924253016128e+03 2.203385924253017492e+03
1.889730586795196388e+01 2.150336919119210961e+03 2.150336919119208233e+03
1.912069644601913510e+01 2.098683246341910490e+03 2.098683246341907306e+03
1.934620331648723024e+01 2.048385244625061205e+03 2.048385244625068481e+03
1.957384097392801792e+01 1.999404460908805959e+03 1.999404460908799592e+03
1.980362396547353399e+01 1.951703611178182200e+03 1.951703611178186065e+03
2.003556689071389840e+01 1.905246542618294370e+03 1.905246542618293915e+03
2.026968440159412310e+01 1.859998197066942794e+03 1.859998197066953480e+03
2.050599120230929984e+01 1.815924575718084498e+03 1.815924575718083815e+03
2.074450204919837049e+01 1.772992705030669185e+03 1.772992705030668503e+03
2.098523175063668234e+01 1.731170603799789660e+03 1.731170603799788751e+03
2.122819516692700859e+01 1.690427251348066193e+03 1.690427251348062782e+03
2.147340721018924370e+01 1.650732556797226835e+03 1.650732556797237294e+03
2.172088284424883753e+01 1.612057329381170803e+03 1.612057329381172622e+03
2.197063708452354902e+01 1.574373249763197919e+03 1.574373249763203376e+03
2.222268499790932594e+01 1.537652842321757362e+03 1.537652842321757134e+03
2.247704170266440116e+01 1.501869448370017608e+03 1.501869448370015562e+03
2.273372236829231952e+01 1.466997200276240619e+03 1.466997200276240619e+03
2.299274221542353658e+01 1.433010996452876043e+03 1.433010996452875588e+03
2.325411651569575611e+01 1.399886477183662691e+03 1.399886477183662237e+03
2.351786059163285003e+01 1.367600001259111195e+03 1.367600001259118017e+03
2.378398981652251365e+01 1.336128623391908604e+03 1.336128623391910423e+03
2.405251961429272001e+01 1.305450072384602208e+03 1.305450072384603573e+03
2.432346545938683491e+01 1.275542730023367767e+03 1.275542730023365266e+03
2.459684287663726465e+01 1.246385610672137773e+03 1.246385610672139137e+03
2.487266744113814454e+01 1.217958341542812377e+03 1.217958341542820108e+03
2.515095477811658142e+01 1.190241143617692160e+03 1.190241143617691023e+03
2.543172056280249649e+01 1.163214813201482002e+03 1.163214813201485867e+03
2.571498052029767578e+01 1.136860704081059339e+03 1.136860704081062750e+03
2.600075042544298398e+01 1.111160710271584549e+03 1.111160710271587959e+03
2.628904610268481079e+01 1.086097249328925045e+03 1.086097249328928228e+03
2.657988342594011399e+01 1.061653246208570863e+03 1.061653246208571545e+03
2.687327831846013737e+01 1.037812117652249526e+03 1.037812117652248389e+03
2.716924675269322975e+01 1.014557757083973115e+03 1.014557757083974820e+03
2.746780475014599432e+01 9.918745199980505731e+02 9.918745199980479583e+02
2.776896838124374867e+01 9.697472098220324597e+02 9.697472098220340513e+02
2.807275376518940391e+01 9.481610642384417815e+02 9.481610642384471248e+02
2.837917706982147692e+01 9.271017419494393152e+02 9.271017419494398837e+02
2.868825451147051808e+01 9.065553098693342235e+02 9.065553098693382026e+02
2.900000235481495992e+01 8.865082307303993048e+02 8.865082307304030564e+02
2.931443691273520358e+01 8.669473510877799072e+02 8.669473510877829767e+02
2.963157454616702324e+01 8.478598897100466729e+02 8.478598897100423528e+02
2.995143166395346768e+01 8.292334263422216054e+02 8.292334263422226286e+02
3.027402472269608324e+01 8.110558908287523536e+02 8.110558908287524673e+02
3.059937022660448847e+01 7.933155525841141298e+02 7.933155525841151530e+02
3.092748472734522380e+01 7.760010103994608244e+02 7.760010103994616202e+02
3.125838482388938644e+01 7.591011825738970629e+02 7.591011825738980860e+02
3.159208716235901093e+01 7.426052973595031972e+02 7.426052973595055846e+02
3.192860843587269315e+01 7.265028837095634344e+02 7.265028837095634344e+02
3.226796538438978956e+01 7.107837623198201982e+02 7.107837623198211077e+02
3.261017479455377099e+01 6.954380369529907284e+02 6.954380369529903874e+02
3.295525349953446437e+01 6.804560860370462478e+02 6.804560860370504543e+02
3.330321837886915404e+01 6.658285545281672739e+02 6.658285545281665918e+02
3.365408635830269901e+01 6.515463460294974993e+02 6.515463460294982951e+02
3.400787440962665897e+01 6.376006151573305942e+02 6.376006151573293437e+02
3.436459955051736159e+01 6.239827601463716746e+02 6.239827601463708788e+02
3.472427884437285428e+01 6.106844156862673572e+02 6.106844156862689488e+02
3.508692940014902462e+01 5.976974459817485013e+02 5.976974459817505476e+02
3.545256837219455548e+01 5.850139380289565452e+02 5.850139380289574547e+02
3.582121296008493516e+01 5.726261951009001905e+02 5.726261951009015547e+02
3.619288040845548693e+01 5.605267304351544908e+02 5.605267304351532403e+02
3.656758800683352462e+01 5.487082611171374538e+02 5.487082611171376811e+02
3.694535308946932162e+01 5.371637021526047420e+02 5.371637021526062199e+02
3.732619303516629117e+01 5.258861607231432345e+02 5.258861607231440303e+02
3.771012526711016477e+01 5.148689306187077364e+02 5.148689306187089869e+02
3.809716725269719717e+01 5.041054868414447014e+02 5.041054868414448151e+02
3.848733650336150447e+01 4.935894803752053122e+02 4.935894803752053690e+02
3.888065057440132932e+01 4.833147331154046924e+02 4.833147331154046356e+02
3.927712706480465243e+01 4.732752329540068672e+02 4.732752329540059009e+02
3.967678361707358192e+01 4.634651290146281326e+02 4.634651290146291558e+02
4.007963791704807477e+01 4.538787270329237344e+02 4.538787270329252124e+02
4.048570769372864220e+01 4.445104848775406481e+02 4.445104848775429218e+02
4.089501071909828056e+01 4.353550082071690213e+02 4.353550082071674296e+02
4.130756480794332219e+01 4.264070462592570721e+02 4.264070462592546846e+02
4.172338781767366100e+01 4.176614877662382810e+02 4.176614877662378831e+02
4.214249764814206145e+01 4.091133569951375648e+02 4.091133569951364279e+02
4.256491224146240882e+01 4.007578099066195136e+02 4.007578099066215032e+02
4.299064958182743368e+01 3.925901304297154297e+02 3.925901304297152024e+02
4.341972769532530663e+01 3.846057268484744895e+02 3.846057268484747169e+02
4.385216464975570716e+01 3.768001282970612351e+02 3.768001282970636794e+02
4.428797855444480547e+01 3.691689813597954526e+02 3.691689813597974421e+02
4.472718756005955498e+01 3.617080467728374060e+02 3.617080467728387134e+02
4.516980985842127438e+01 3.544131962243137082e+02 3.544131962243130261e+02
4.561586368231813537e+01 3.472804092497543138e+02 3.472804092497556780e+02
4.606536730531750123e+01 3.403057702198701122e+02 3.403057702198702827e+02
4.651833904157651034e+01 3.334854654177192401e+02 3.334854654177200928e+02
4.697479724565298653e+01 3.268157802025107799e+02 3.268157802025123715e+02
4.743476031231471524e+01 3.202930962572905287e+02 3.202930962572912676e+02
4.789824667634843536e+01 3.139138889178963154e+02 3.139138889178965428e+02
4.836527481236794301e+01 3.076747245806529349e+02 3.076747245806538444e+02
4.883586323462168366e+01 3.015722581863488472e+02 3.015722581863500977e+02
4.931003049679915051e+01 2.956032307780989186e+02 2.956032307781006239e+02
4.978779519183704139e+01 2.897644671308360103e+02 2.897644671308381703e+02
5.026917595172451314e+01 2.840528734501731947e+02 2.840528734501739905e+02
5.075419144730764032e+01 2.784654351385110544e+02 2.784654351385113387e+02
5.124286038809344745e+01 2.729992146263056156e+02 2.729992146263055588e+02
5.173520152205308875e+01 2.676513492664772116e+02 2.676513492664768137e+02
5.223123363542411823e+01 2.624190492900314666e+02 2.624190492900333425e+02
5.273097555251286650e+01 2.572995958209999117e+02 2.572995958210004233e+02
5.323444613549519744e+01 2.522903389488662356e+02 2.522903389488656103e+02
5.374166428421722941e+01 2.473886958567483703e+02 2.473886958567491092e+02
5.425264893599533877e+01 2.425921490036068064e+02 2.425921490036077728e+02
5.476741906541533922e+01 2.378982443588268723e+02 2.378982443588264175e+02
5.528599368413130577e+01 2.333045896875899530e+02 2.333045896875893561e+02
5.580839184066340408e+01 2.288088528854839296e+02 2.288088528854843275e+02
5.633463262019579076e+01 2.244087603608567747e+02 2.244087603608564905e+02
5.686473514437280841e+01 2.201020954634532814e+02 2.201020954634539351e+02
5.739871857109594799e+01 2.158866969579578665e+02 2.158866969579579234e+02
5.793660209431915575e+01 2.117604575410543930e+02 2.117604575410546204e+02
5.847840494384406895e+01 2.077213224007173835e+02 2.077213224007181225e+02
5.902414638511443457e+01 2.037672878164485439e+02 2.037672878164484871e+02
5.957384571901044268e+01 1.998963997992213990e+02 1.998963997992211148e+02
6.012752228164177382e+01 1.961067527699527773e+02 1.961067527699537436e+02
6.068519544414110101e+01 1.923964882753507766e+02 1.923964882753496397e+02
6.124688461245568050e+01 1.887637937399840951e+02 1.887637937399844930e+02
6.181260922713991590e+01 1.852069012535538945e+02 1.852069012535541503e+02
6.238238876314647996e+01 1.817240863922503706e+02 1.817240863922510243e+02
6.295624272961716628e+01 1.783136670732261564e+02 1.783136670732253606e+02
6.353419066967298079e+01 1.749740024411753438e+02 1.749740024411752586e+02
6.411625216020458140e+01 1.717034917860877101e+02 1.717034917860881649e+02
6.470244681166116152e+01 1.685005734912313926e+02 1.685005734912317052e+02
6.529279426783945439e+01 1.653637240104795296e+02 1.653637240104794444e+02
6.588731420567249586e+01 1.622914568741208257e+02 1.622914568741211951e+02
6.648602633501708681e+01 1.592823217223045447e+02 1.592823217223047152e+02
6.708895039844185249e+01 1.563349033653057347e+02 1.563349033653058484e+02
6.769610617101388073e+01 1.534478208698336346e+02 1.534478208698334356e+02
6.830751346008571545e+01 1.506197266706026028e+02 1.506197266706027449e+02
6.892319210508139804e+01 1.478493057064442269e+02 1.478493057064442837e+02
6.954316197728233817e+01 1.451352745802238928e+02 1.451352745802246886e+02
7.016744297961287202e+01 1.424763807418828776e+02 1.424763807418829629e+02
7.079605504642491098e+01 1.398714016939180738e+02 1.398714016939185285e+02
7.142901814328295984e+01 1.373191442186619895e+02 1.373191442186621600e+02
7.206635226674798389e+01 1.348184436267113711e+02 1.348184436267114563e+02
7.270807744416141816e+01 1.323681630259077622e+02 1.323681630259075916e+02
7.335421373342875029e+01 1.299671926102616339e+02 1.299671926102620318e+02
7.400478122280239290e+01 1.276144489682579888e+02 1.276144489682577614e+02
7.465980003066464121e+01 1.253088744099605520e+02 1.253088744099606942e+02
7.531929030530990588e+01 1.230494363124050068e+02 1.230494363124053336e+02
7.598327222472684639e+01 1.208351264827239078e+02 1.208351264827242630e+02
7.665176599638024868e+01 1.186649605385148760e+02 1.186649605385153308e+02
7.732479185699206425e+01 1.165379773049470771e+02 1.165379773049476455e+02
7.800237007232296094e+01 1.144532382281330598e+02 1.144532382281333298e+02
7.868452093695280780e+01 1.124098268042937576e+02 1.124098268042935871e+02
7.937126477406098957e+01 1.104068480242733301e+02 1.104068480242730743e+02
8.006262193520703363e+01 1.084434278329636641e+02 1.084434278329635504e+02
8.075861280011028498e+01 1.065187126032118670e+02 1.065187126032119522e+02
8.145925777642941057e+01 1.046318686238035696e+02 1.046318686238035696e+02
8.216457729954174738e+01 1.027820816011171843e+02 1.027820816011176674e+02
8.287459183232274995e+01 1.009685561740742372e+02 1.009685561740743509e+02
8.358932186492421579e+01 9.919051544198939041e+01 9.919051544198987358e+01
8.430878791455336341e+01 9.744720050498266062e+01 9.744720050498237640e+01
8.503301052525073089e+01 9.573787001657038331e+01 9.573787001657062490e+01
8.576201026766874236e+01 9.406179974812427247e+01 9.406179974812420141e+01
8.649580773884900964e+01 9.241828216483243352e+01 9.241828216483246194e+01
8.723442356200041559e+01 9.080662601286879010e+01 9.080662601286901747e+01
8.797787838627637313e+01 8.922615591743837626e+01 8.922615591743824837e+01
8.872619288655195646e+01 8.767621199139921373e+01 8.767621199139946953e+01
8.947938776320104637e+01 8.615614945417466686e+01 8.615614945417503634e+01
9.023748374187293564e+01 8.466533826065303003e+01 8.466533826065305846e+01
9.100050157326944600e+01 8.320316273981120503e+01 8.320316273981121924e+01
9.176846203292062398e+01 8.176902124278592510e+01 8.176902124278601036e+01
9.254138592096177263e+01 8.036232580013039239e+01 8.036232580013047766e+01
9.331929406190911891e+01 7.898250178800394394e+01 7.898250178800400079e+01
9.410220730443599280e+01 7.762898760304680934e+01 7.762898760304675250e+01
9.489014652114832415e+01 7.630123434570049312e+01 7.630123434570023733e+01
9.568313260836063705e+01 7.499870551174105060e+01 7.499870551174122113e+01
9.648118648587148982e+01 7.372087669180203306e+01 7.372087669180204728e+01
9.728432909673884410e+01 7.246723527865948711e+01 7.246723527865928816e+01
9.809258140705517803e+01 7.123728018207702917e+01 7.123728018207707180e+01
9.890596440572294057e+01 7.003052155099781828e+01 7.003052155099791776e+01
9.972449910422945152e+01 6.884648050288178922e+01 6.884648050288154764e+01
1.005482065364216169e+02 6.768468885999476470e+01 6.768468885999480733e+01
1.013771077582812410e+02 6.654468889246496133e+01 6.654468889246470553e+01
1.022112238476991877e+02 6.542603306791046691e+01 6.542603306791072271e+01
1.030505759042508203e+02 6.432828380747552899e+01 6.432828380747558583e+01
1.038951850489698359e+02 6.325101324808357361e+01 6.325101324808341019e+01
1.047450724241231086e+02 6.219380301075626960e+01 6.219380301075648987e+01
1.056002591929852343e+02 6.115624397482378782e+01 6.115624397482373098e+01
1.064607665396128482e+02 6.013793605786657537e+01 6.013793605786674590e+01
1.073266156686187713e+02 5.913848800124408456e+01 5.913848800124429061e+01
1.081978278049467832e+02 5.815751716104818314e+01 5.815751716104802682e+01
1.090744241936452141e+02 5.719464930434229899e+01 5.719464930434216399e+01
1.099564260996419449e+02 5.624951841054571133e+01 5.624951841054583923e+01
1.108438548075180137e+02 5.532176647782031864e+01 5.532176647782036838e+01
1.117367316212821464e+02 5.441104333432697615e+01 5.441104333432708273e+01
1.126350778641445629e+02 5.351700645422711489e+01 5.351700645422713620e+01
1.135389148782914361e+02 5.263932077829440459e+01 5.263932077829440459e+01
1.144482640246594798e+02 5.177765853902155868e+01 5.177765853902169368e+01
1.153631466827089156e+02 5.093169909009794338e+01 5.093169909009773733e+01
1.162835842501988139e+02 5.010112874014185280e+01 5.010112874014197359e+01
1.172095981429606866e+02 4.928564059058196278e+01 4.928564059058182067e+01
1.181412097946730455e+02 4.848493437756450675e+01 4.848493437756442148e+01
1.190784406566354789e+02 4.769871631779567167e+01 4.769871631779571430e+01
1.200213121975427981e+02 4.692669895820325365e+01 4.692669895820306181e+01
1.209698459032595252e+02 4.616860102932153609e+01 4.616860102932157872e+01
1.219240632765944525e+02 4.542414730230495223e+01 4.542414730230492381e+01
1.228839858370747180e+02 4.469306844946701318e+01 4.469306844946699897e+01
1.238496351207205919e+02 4.397510090826069273e+01 4.397510090826060036e+01
1.248210326798198224e+02 4.326998674860363536e+01 4.326998674860383431e+01
1.257982000827025075e+02 4.257747354346673063e+01 4.257747354346666668e+01
1.267811589135155685e+02 4.189731424263265325e+01 4.189731424263263904e+01
1.277699307719972239e+02 4.122926704955244759e+01 4.122926704955248312e+01
1.287645372732528699e+02 4.057309530121053598e+01 4.057309530121052887e+01
1.297650000475290994e+02 3.992856735092350107e+01 3.992856735092343001e+01
1.307713407399890002e+02 3.929545645399773690e+01 3.929545645399782217e+01
1.317835810104878362e+02 3.867354065617065828e+01 3.867354065617079328e+01
1.328017425333472659e+02 3.806260268476202668e+01 3.806260268476221853e+01
1.338258469971320608e+02 3.746242984246841701e+01 3.746242984246858043e+01
1.348559161044244945e+02 3.687281390373040324e+01 3.687281390373055245e+01
1.358919715716007204e+02 3.629355101360786051e+01 3.629355101360781077e+01
1.369340351286060411e+02 3.572444158909667067e+01 3.572444158909667777e+01
1.379821285187311446e+02 3.516529022282764316e+01 3.516529022282762895e+01
1.390362734983881978e+02 3.461590558908291371e+01 3.461590558908279291e+01
1.400964918368866563e+02 3.407610035207269306e+01 3.407610035207269306e+01
1.411628053162104379e+02 3.354569107641493986e+01 3.354569107641502512e+01
1.422352357307933630e+02 3.302449813976016202e+01 3.302449813976006965e+01
1.433138048872966124e+02 3.251234564750699718e+01 3.251234564750696876e+01
1.443985346043851621e+02 3.200906134955808824e+01 3.200906134955808824e+01
1.454894467125055257e+02 3.151447655905989365e+01 3.151447655905984391e+01
1.465865630536619051e+02 3.102842607308024725e+01 3.102842607308015843e+01
1.476899054811942449e+02 3.055074809517201473e+01 3.055074809517192946e+01
1.487994958595556625e+02 3.008128415977623149e+01 3.008128415977637715e+01
1.499153560640906164e+02 2.961987905841956703e+01 2.961987905841957769e+01
1.510375079808121370e+02 2.916638076765611842e+01 2.916638076765613263e+01
1.521659735061801939e+02 2.872064037871684050e+01 2.872064037871684761e+01
1.533007745468810299e+02 2.828251202881743964e+01 2.828251202881741477e+01
1.544419330196041642e+02 2.785185283408630497e+01 2.785185283408631562e+01
1.555894708508225506e+02 2.742852282407117315e+01 2.742852282407117315e+01
1.567434099765712006e+02 2.701238487778478259e+01 2.701238487778470443e+01
1.579037723422259489e+02 2.660330466125115478e+01 2.660330466125118676e+01
1.590705799022839813e+02 2.620115056651606622e+01 2.620115056651615149e+01
1.602438546201425709e+02 2.580579365208328824e+01 2.580579365208328824e+01
1.614236184678798338e+02 2.541710758474247100e+01 2.541710758474247100e+01
1.626098934260342332e+02 2.503496858275459758e+01 2.503496858275463666e+01
1.638027014833860164e+02 2.465925536036001731e+01 2.465925536036008836e+01
1.650020646367369181e+02 2.428984907357704515e+01 2.428984907357704159e+01
1.662080048906919103e+02 2.392663326725880779e+01 2.392663326725879003e+01
1.674205442574405254e+02 2.356949382337841925e+01 2.356949382337835885e+01
1.686397047565375544e+02 2.321831891051036223e+01 2.321831891051035512e+01
1.698655084146859622e+02 2.287299893448047428e+01 2.287299893448057375e+01
1.710979772655181819e+02 2.253342649015458932e+01 2.253342649015461063e+01
1.723371333493787461e+02 2.219949631433787829e+01 2.219949631433782145e+01
1.735829987131068606e+02 2.187110523975868048e+01 2.187110523975876930e+01
1.748355954098202290e+02 2.154815215011034368e+01 2.154815215011035434e+01
1.760949454986962905e+02 2.123053793612232454e+01 2.123053793612230677e+01
1.773610710447583472e+02 2.091816545263998250e+01 2.091816545264001803e+01
1.786339941186573981e+02 2.061093947668536686e+01 2.061093947668536686e+01
1.799137367964571297e+02 2.030876666647517581e+01 2.030876666647522200e+01
1.812003211594185643e+02 2.001155552137504046e+01 2.001155552137510796e+01
1.824937692937841973e+02 1.971921634276404944e+01 1.971921634276409208e+01
1.837941032905640668e+02 1.943166119579046480e+01 1.943166119579053586e+01
1.851013452453200046e+02 1.914880387199548650e+01 1.914880387199547940e+01
1.864155172579530131e+02 1.887055985278396975e+01 1.887055985278390580e+01
1.877366414324873176e+02 1.859684627372271493e+01 1.859684627372266164e+01
1.890647398768589369e+02 1.832758188964593060e+01 1.832758188964585955e+01
1.903998347027007014e+02 1.806268704054751240e+01 1.806268704054755148e+01
1.917419480251306254e+02 1.780208361824327667e+01 1.780208361824327667e+01
1.930911019625390566e+02 1.754569503378222706e+01 1.754569503378221995e+01
1.944473186363757975e+02 1.729344618559114721e+01 1.729344618559115787e+01
1.958106201709390461e+02 1.704526342833387176e+01 1.704526342833386465e+01
1.971810286931643361e+02 1.680107454246776655e+01 1.680107454246783050e+01
1.985585663324120844e+02 1.656080870448237974e+01 1.656080870448232645e+01
1.999432552202580382e+02 1.632439645780146975e+01 1.632439645780153015e+01
2.013351174902828689e+02 1.609176968433637356e+01 1.609176968433643395e+01
2.027341752778612829e+02 1.586286157667077035e+01 1.586286157667077745e+01
2.041404507199536340e+02 1.563760661086556247e+01 1.563760661086558734e+01
2.055539659548954035e+02 1.541594051986772307e+01 1.541594051986774794e+01
2.069747431221896932e+02 1.519780026750811608e+01 1.519780026750820845e+01
2.084028043622982409e+02 1.498312402307637470e+01 1.498312402307639424e+01
2.098381718164324923e+02 1.477185113645663428e+01 1.477185113645661119e+01
2.112808676263475149e+02 1.456392211381354151e+01 1.456392211381355040e+01
2.127309139341340654e+02 1.435927859381394534e+01 1.435927859381396310e+01
2.141883328820109682e+02 1.415786332437208372e+01 1.415786332437203399e+01
2.156531466121199117e+02 1.395962013990584971e+01 1.395962013990586037e+01
2.171253772663189352e+02 1.376449393909322971e+01 1.376449393909320484e+01
2.186050469859761449e+02 1.357243066311529667e+01 1.357243066311529844e+01
2.200921779117659014e+02 1.338337727437637703e+01 1.338337727437641611e+01
2.215867921834625065e+02 1.319728173568898200e+01 1.319728173568903351e+01
2.230889119397371587e+02 1.301409298991314145e+01 1.301409298991312724e+01
2.245985593179528621e+02 1.283376094003940970e+01 1.283376094003937595e+01
2.261157564539617510e+02 1.265623642970575347e+01 1.265623642970579432e+01
2.276405254819019035e+02 1.248147122413783094e+01 1.248147122413786292e+01
2.291728885339941257e+02 1.230941799150240179e+01 1.230941799150238403e+01
2.307128677403401582e+02 1.214003028466524370e+01 1.214003028466529521e+01
2.322604852287213362e+02 1.197326252334429952e+01 1.197326252334432795e+01
2.338157631243960850e+02 1.180906997664745539e+01 1.180906997664745361e+01
2.353787235499000872e+02 1.164740874598790477e+01 1.164740874598796694e+01
2.369493886248457954e+02 1.148823574836778150e+01 1.148823574836776729e+01
2.385277804657213210e+02 1.133150870002049793e+01 1.133150870002049970e+01
2.401139211856929592e+02 1.117718610040583904e+01 1.117718610040582661e+01
2.417078328944035661e+02 1.102522721654750448e+01 1.102522721654754534e+01
2.433095376977763067e+02 1.087559206770687048e+01 1.087559206770682785e+01
2.449190576978145941e+02 1.072824141038378620e+01 1.072824141038380752e+01
2.465364149924063213e+02 1.058313672363921754e+01 1.058313672363921221e+01
2.481616316751247382e+02 1.044024019472948162e+01 1.044024019472949938e+01
2.497947298350329675e+02 1.029951470504772360e+01 1.029951470504772004e+01
2.514357315564873829e+02 1.016092381636377340e+01 1.016092381636378050e+01
2.530846589189418978e+02 1.002443175735671232e+01 1.002443175735670700e+01
2.547415339967516275e+02 9.890003410432871789e+00 9.890003410432909092e+00
2.564063788589803039e+02 9.757604298823366662e+00 9.757604298823398636e+00
2.580792155692039387e+02 9.627200573954304730e+00 9.627200573954276308e+00
2.597600661853171573e+02 9.498759003083605990e+00 9.498759003083659280e+00
2.614489527593412959e+02 9.372246957199715567e+00 9.372246957199706685e+00
2.631458973372298260e+02 9.247632399173387086e+00 9.247632399173376427e+00
2.648509219586765084e+02 9.124883872160486575e+00 9.124883872160474141e+00
2.665640486569240011e+02 9.003970488247318826e+00 9.003970488247341919e+00
2.682852994585720694e+02 8.884861917334639259e+00 8.884861917334646364e+00
2.700146963833865925e+02 8.767528376254006162e+00 8.767528376254031031e+00
2.717522614441090241e+02 8.651940618112526238e+00 8.651940618112552883e+00
2.734980166462673310e+02 8.538069921859449352e+00 8.538069921859470668e+00
2.752519839879859092e+02 8.425888082070866147e+00 8.425888082070869700e+00
2.770141854597958968e+02 8.315367398946891697e+00 8.315367398946889921e+00
2.787846430444494672e+02 8.206480668517212251e+00 8.206480668517222909e+00
2.805633787167285504e+02 8.099201173049847213e+00 8.099201173049843661e+00
2.823504144432608314e+02 7.993502671658860415e+00 7.993502671658863079e+00
2.841457721823298357e+02 7.889359391106853359e+00 7.889359391106843589e+00
2.859494738836910415e+02 7.786746016797333247e+00 7.786746016797378545e+00
2.877615414883855465e+02 7.685637683953749466e+00 7.685637683953776111e+00
2.895819969285531670e+02 7.586009968979676721e+00 7.586009968979664286e+00
2.914108621272501409e+02 7.487838880997579771e+00 7.487838880997571778e+00
2.932481589982634205e+02 7.391100853561562545e+00 7.391100853561586526e+00
2.950939094459275793e+02 7.295772736540211412e+00 7.295772736540236281e+00
2.969481353649413791e+02 7.201831788165882209e+00 7.201831788165885762e+00
2.988108586401854723e+02 7.109255667247048827e+00 7.109255667247023069e+00
3.006821011465395372e+02 7.018022425539800935e+00 7.018022425539814257e+00
3.025618847487023118e+02 6.928110500275547423e+00 6.928110500275547423e+00
3.044502313010091257e+02 6.839498706840578812e+00 6.839498706840568154e+00
3.063471626472519347e+02 6.752166231605216673e+00 6.752166231605205127e+00
3.082527006204998088e+02 6.666092624898719343e+00 6.666092624898714014e+00
3.101668670429195345e+02 6.581257794126883276e+00 6.581257794126903704e+00
3.120896837255953642e+02 6.497641997029382388e+00 6.497641997029405481e+00
3.140211724683533134e+02 6.415225835073588456e+00 6.415225835073593785e+00
3.159613550595811944e+02 6.333990246982058814e+00 6.333990246982074801e+00
3.179102532760526856e+02 6.253916502391064114e+00 6.253916502391042798e+00
3.198678888827497531e+02 6.174986195636596342e+00 6.174986195636622988e+00
3.218342836326876863e+02 6.097181239666258357e+00 6.097181239666288555e+00
3.238094592667393385e+02 6.020483860072976867e+00 6.020483860072977755e+00
3.257934375134591392e+02 5.944876589248926813e+00 5.944876589248949017e+00
3.277862400889103469e+02 5.870342260657029243e+00 5.870342260657040789e+00
3.297878886964898584e+02 5.796864003216747996e+00 5.796864003216723127e+00
3.317984050267547786e+02 5.724425235802507395e+00 5.724425235802507395e+00
3.338178107572520616e+02 5.653009661852268941e+00 5.653009661852281376e+00
3.358461275523438303e+02 5.582601264083304926e+00 5.582601264083320025e+00
3.378833770630356526e+02 5.513184299313554249e+00 5.513184299313564907e+00
3.399295809268082849e+02 5.444743293386051342e+00 5.444743293386045124e+00
3.419847607674444134e+02 5.377263036194091406e+00 5.377263036194113610e+00
3.440489381948603409e+02 5.310728576805488821e+00 5.310728576805487933e+00
3.461221348049364224e+02 5.245125218683003077e+00 5.245125218683003965e+00
3.482043721793472173e+02 5.180438514999871735e+00 5.180438514999884170e+00
3.502956718853947677e+02 5.116654264047716616e+00 5.116654264047717504e+00
3.523960554758411376e+02 5.053758504735038848e+00 5.053758504735037071e+00
3.545055444887402700e+02 4.991737512174722724e+00 4.991737512174734270e+00
3.566241604472714926e+02 4.930577793358305705e+00 4.930577793358323468e+00
3.587519248595751264e+02 4.870266082915222228e+00 4.870266082915220451e+00
3.608888592185855941e+02 4.810789338955403061e+00 4.810789338955425265e+00
3.630349850018687334e+02 4.752134738993603946e+00 4.752134738993619933e+00
3.651903236714554168e+02 4.694289675953161378e+00 4.694289675953177365e+00
3.673548966736787520e+02 4.637241754248280223e+00 4.637241754248290881e+00
3.695287254390120211e+02 4.580978785942643405e+00 4.580978785942670051e+00
3.717118313819065634e+02 4.525488786983088652e+00 4.525488786983088652e+00
3.739042359006273273e+02 4.470759973506428508e+00 4.470759973506444496e+00
3.761059603770947888e+02 4.416780758218518343e+00 4.416780758218531666e+00
3.783170261767226634e+02 4.363539746843279055e+00 4.363539746843277278e+00
3.805374546482592564e+02 4.311025734640794305e+00 4.311025734640801410e+00
3.827672671236256292e+02 4.259227702992984810e+00 4.259227702992994580e+00
3.850064849177592805e+02 4.208134816055137506e+00 4.208134816055135730e+00
3.872551293284543021e+02 4.157736417472273516e+00 4.157736417472295720e+00
3.895132216362055715e+02 4.108022027159005773e+00 4.108022027159015543e+00
3.917807831040482824e+02 4.058981338141114392e+00 4.058981338141130379e+00
3.940578349774055482e+02 4.010604213458365486e+00 4.010604213458365486e+00
3.963443984839296377e+02 3.962880683126484893e+00 3.962880683126500436e+00
3.986404948333486118e+02 3.915800941157755677e+00 3.915800941157768555e+00
4.009461452173092084e+02 3.869355342638547857e+00 3.869355342638544304e+00
4.032613708092256388e+02 3.823534400862810045e+00 3.823534400862809601e+00
4.055861927641242914e+02 3.778328784520582850e+00 3.778328784520591732e+00
4.079206322184910505e+02 3.733729314939973065e+00 3.733729314939975730e+00
4.102647102901190692e+02 3.689726963381800839e+00 3.689726963381798619e+00
4.126184480779579644e+02 3.646312848385861116e+00 3.646312848385856675e+00
4.149818666619616465e+02 3.603478233167548783e+00 3.603478233167544786e+00
4.173549871029384803e+02 3.561214523064026860e+00 3.561214523064033965e+00
4.197378304423997406e+02 3.519513263028822614e+00 3.519513263028821726e+00
4.221304177024135811e+02 3.478366135173816431e+00 3.478366135173823093e+00
4.245327698854524670e+02 3.437764956357936885e+00 3.437764956357941326e+00
4.269449079742493041e+02 3.397701675821185763e+00 3.397701675821202194e+00
4.293668529316460081e+02 3.358168372863555629e+00 3.358168372863549411e+00
4.317986257004483264e+02 3.319157254567398407e+00 3.319157254567398407e+00
4.342402472032810010e+02 3.280660653563081119e+00 3.280660653563072238e+00
4.366917383424386685e+02 3.242671025836202592e+00 3.242671025836211474e+00
4.391531199997436374e+02 3.205180948576364930e+00 3.205180948576373812e+00
4.416244130364011653e+02 3.168183118065984960e+00 3.168183118065998283e+00
4.441056382928543371e+02 3.131670347608830340e+00 3.131670347608837002e+00
4.465968165886413317e+02 3.095635565497189656e+00 3.095635565497200759e+00
4.490979687222526877e+02 3.060071813017118281e+00 3.060071813017118725e+00
4.516091154709904458e+02 3.024972242490732821e+00 3.024972242490745700e+00
4.541302775908242211e+02 2.990330115355208651e+00 2.990330115355216201e+00
4.566614758162532439e+02 2.956138800277257062e+00 2.956138800277265499e+00
4.592027308601639675e+02 2.922391771302842667e+00 2.922391771302841779e+00
4.617540634136910853e+02 2.889082606041100565e+00 2.889082606041101453e+00
4.643154941460789473e+02 2.856204983882043358e+00 2.856204983882051796e+00
4.668870437045432027e+02 2.823752684247136546e+00 2.823752684247149425e+00
4.694687327141322726e+02 2.791719584872271565e+00 2.791719584872284443e+00
4.720605817775903574e+02 2.760099660122436571e+00 2.760099660122445897e+00
4.746626114752213539e+02 2.728886979337445506e+00 2.728886979337436625e+00
4.772748423647523737e+02 2.698075705208099251e+00 2.698075705208109465e+00
4.798972949811985700e+02 2.667660092182397857e+00 2.667660092182392084e+00
4.825299898367285891e+02 2.637634484900661214e+00 2.637634484900663434e+00
4.851729474205305337e+02 2.607993316659762861e+00 2.607993316659756200e+00
4.878261881986770163e+02 2.578731107905188225e+00 2.578731107905176678e+00
4.904897326139936808e+02 2.549842464750843973e+00 2.549842464750849302e+00
4.931636010859281214e+02 2.521322077525923522e+00 2.521322077525930627e+00
4.958478140104144245e+02 2.493164719348166525e+00 2.493164719348170966e+00
4.985423917597456693e+02 2.465365244723233928e+00 2.465365244723230376e+00
5.012473546824404593e+02 2.437918588169531997e+00 2.437918588169525336e+00
5.039627231031156498e+02 2.410819762868086080e+00 2.410819762868085192e+00
5.066885173223560628e+02 2.384063859336878366e+00 2.384063859336883695e+00
5.094247576165856231e+02 2.357646044129245055e+00 2.357646044129239726e+00
5.121714642379384941e+02 2.331561558555786728e+00 2.331561558555786284e+00
5.149286574141333404e+02 2.305805717429553869e+00 2.305805717429553425e+00
5.176963573483462824e+02 2.280373907833727287e+00 2.280373907833728619e+00
5.204745842190825442e+02 2.255261587911639776e+00 2.255261587911640220e+00
5.232633581800533875e+02 2.230464285678526171e+00 2.230464285678533720e+00
5.260626993600494643e+02 2.205977597854775318e+00 2.205977597854769989e+00
5.288726278628167847e+02 2.181797188719962755e+00 2.181797188719960978e+00
5.316931637669347310e+02 2.157918788987683190e+00 2.157918788987679193e+00
5.345243271256891830e+02 2.134338194700347024e+00 2.134338194700355462e+00
5.373661379669529197e+02 2.111051266143960436e+00 2.111051266143951999e+00
5.402186162930622686e+02 2.088053926782065250e+00 2.088053926782066139e+00
5.430817820806969394e+02 2.065342162209027776e+00 2.065342162209033106e+00
5.459556552807574690e+02 2.042912019121721823e+00 2.042912019121730260e+00
5.488402558182471012e+02 2.020759604309708468e+00 2.020759604309716018e+00
5.517356035921503690e+02 1.998881083663287539e+00 1.998881083663293978e+00
5.546417184753153151e+02 1.977272681199227389e+00 1.977272681199234494e+00
5.575586203143346893e+02 1.955930678103787512e+00 1.955930678103781961e+00
5.604863289294278275e+02 1.934851411792638087e+00 1.934851411792642084e+00
5.634248641143246914e+02 1.914031274987572973e+00 1.914031274987572084e+00
5.663742456361487712e+02 1.893466714809332041e+00 1.893466714809332041e+00
5.693344932353006698e+02 1.873154231886651866e+00 1.873154231886654086e+00
5.723056266253421427e+02 1.853090379480902161e+00 1.853090379480913708e+00
5.752876654928846847e+02 1.833271762626215828e+00 1.833271762626220713e+00
5.782806294974714092e+02 1.813695037284655420e+00 1.813695037284661637e+00
5.812845382714650668e+02 1.794356909516346299e+00 1.794356909516352738e+00
5.842994114199366322e+02 1.775254134664096206e+00 1.775254134664093764e+00
5.873252685205504804e+02 1.756383516552284751e+00 1.756383516552289414e+00
5.903621291234542241e+02 1.737741906699902916e+00 1.737741906699900252e+00
5.934100127511670735e+02 1.719326203547157927e+00 1.719326203547163257e+00
5.964689388984704692e+02 1.701133351695808038e+00 1.701133351695810703e+00
5.995389270322957600e+02 1.683160341162545315e+00 1.683160341162543316e+00
6.026199965916168821e+02 1.665404206645498597e+00 1.665404206645500818e+00
6.057121669873412202e+02 1.647862026803504909e+00 1.647862026803511126e+00
6.088154576022027413e+02 1.630530923547846678e+00 1.630530923547844457e+00
6.119298877906497864e+02 1.613408061346272238e+00 1.613408061346272460e+00
6.150554768787453668e+02 1.596490646539188152e+00 1.596490646539192371e+00
6.181922441640535908e+02 1.579775926667583263e+00 1.579775926667583485e+00
6.213402089155397334e+02 1.563261189812574337e+00 1.563261189812579222e+00
6.244993903734620062e+02 1.546943763946476036e+00 1.546943763946476702e+00
6.276698077492675338e+02 1.530821016294893866e+00 1.530821016294892978e+00
6.308514802254877623e+02 1.514890352709944654e+00 1.514890352709949983e+00
6.340444269556381869e+02 1.499149217054219108e+00 1.499149217054221328e+00
6.372486670641106912e+02 1.483595090595286381e+00 1.483595090595289046e+00
6.404642196460771402e+02 1.468225491410660277e+00 1.468225491410659833e+00
6.436911037673813780e+02 1.453037973802919769e+00 1.453037973802921989e+00
6.469293384644446405e+02 1.438030127724870821e+00 1.438030127724875484e+00
6.501789427441606222e+02 1.423199578214541683e+00 1.423199578214537464e+00
6.534399355837966823e+02 1.408543984839756735e+00 1.408543984839762508e+00
6.567123359308980071e+02 1.394061041152350633e+00 1.394061041152351299e+00
6.599961627031824491e+02 1.379748474151454962e+00 1.379748474151460513e+00
6.632914347884490098e+02 1.365604043756151853e+00 1.365604043756152741e+00
6.665981710444759756e+02 1.351625542286893689e+00 1.351625542286900794e+00
6.699163902989274675e+02 1.337810793955878763e+00 1.337810793955885647e+00
6.732461113492541926e+02 1.324157654365964998e+00 1.324157654365970771e+00
6.765873529625996525e+02 1.310664010018122161e+00 1.310664010018123715e+00
6.799401338757023723e+02 1.297327777827192774e+00 1.297327777827195661e+00
6.833044727948072250e+02 1.284146904645860232e+00 1.284146904645867560e+00
6.866803883955652736e+02 1.271119366796637395e+00 1.271119366796637395e+00
6.900678993229423668e+02 1.258243169611702461e+00 1.258243169611698464e+00
6.934670241911278481e+02 1.245516346980547695e+00 1.245516346980544808e+00
6.968777815834421290e+02 1.232936960905208101e+00 1.232936960905210766e+00
7.003001900522432379e+02 1.220503101062944129e+00 1.220503101062949458e+00
7.037342681188371216e+02 1.208212884376272056e+00 1.208212884376273610e+00
7.071800342733873777e+02 1.196064454590180848e+00 1.196064454590182180e+00
7.106375069748243050e+02 1.184055981856458439e+00 1.184055981856463990e+00
7.141067046507571376e+02 1.172185662324950695e+00 1.172185662324954469e+00
7.175876456973844597e+02 1.160451717741609601e+00 1.160451717741611821e+00
7.210803484794046199e+02 1.148852395053283182e+00 1.148852395053287179e+00
7.245848313299313759e+02 1.137385966019089478e+00 1.137385966019088812e+00
7.281011125504056736e+02 1.126050726828204507e+00 1.126050726828207837e+00
7.316292104105066301e+02 1.114844997724076414e+00 1.114844997724074194e+00
7.351691431480684287e+02 1.103767122634783826e+00 1.103767122634783382e+00
7.387209289689956222e+02 1.092815468809607005e+00 1.092815468809609891e+00
7.422845860471762762e+02 1.081988426461570674e+00 1.081988426461571784e+00
7.458601325243980682e+02 1.071284408415874578e+00 1.071284408415874134e+00
7.494475865102667740e+02 1.060701849764184468e+00 1.060701849764183580e+00
7.530469660821212301e+02 1.050239207524584106e+00 1.050239207524586771e+00
7.566582892849509108e+02 1.039894960307160332e+00 1.039894960307164329e+00
7.602815741313165745e+02 1.029667607985053746e+00 1.029667607985053746e+00
7.639168386012634073e+02 1.019555671370931060e+00 1.019555671370929506e+00
7.675641006422481496e+02 1.009557691898796739e+00 1.009557691898794518e+00
7.712233781690523529e+02 9.996722313109714930e-01 9.996722313109723812e-01
7.748946890637042770e+02 9.898978713502453175e-01 9.898978713502500915e-01
7.785780511754034023e+02 9.802332134570338473e-01 9.802332134570358457e-01
7.822734823204365284e+02 9.706768784714734366e-01 9.706768784714744358e-01
7.859810002821027410e+02 9.612275063404198683e-01 9.612275063404217557e-01
7.897006228106376966e+02 9.518837558291993739e-01 9.518837558291984857e-01
7.934323676231322224e+02 9.426443042380195925e-01 9.426443042380224790e-01
7.971762524034609214e+02 9.335078471230763286e-01 9.335078471230785491e-01
8.009322948022015680e+02 9.244730980220847716e-01 9.244730980220871031e-01
8.047005124365648498e+02 9.155387881843477516e-01 9.155387881843494169e-01
8.084809228903152416e+02 9.067036663051484258e-01 9.067036663051513123e-01
8.122735437137014287e+02 8.979664982644756099e-01 8.979664982644773863e-01
8.160783924233777498e+02 8.893260668699355387e-01 8.893260668699382032e-01
8.198954865023363254e+02 8.807811716038610461e-01 8.807811716038581595e-01
8.237248433998300925e+02 8.723306283744299838e-01 8.723306283744313161e-01
8.275664805313051602e+02 8.639732692708886885e-01 8.639732692708897988e-01
8.314204152783253221e+02 8.557079423226204851e-01 8.557079423226192638e-01
8.352866649885039578e+02 8.475335112621351641e-01 8.475335112621371625e-01
8.391652469754333197e+02 8.394488552918709656e-01 8.394488552918737412e-01
8.430561785186150701e+02 8.314528688546952706e-01 8.314528688546952706e-01
8.469594768633888862e+02 8.235444614081066650e-01 8.235444614081074421e-01
8.508751592208684542e+02 8.157225572020624371e-01 8.157225572020623261e-01
8.548032427678670047e+02 8.079860950603185987e-01 8.079860950603177105e-01
8.587437446468354665e+02 8.003340281652858712e-01 8.003340281652878696e-01
8.626966819657936867e+02 7.927653238463203689e-01 7.927653238463235885e-01
8.666620717982622182e+02 7.852789633713533890e-01 7.852789633713544992e-01
8.706399311831977457e+02 7.778739417418636393e-01 7.778739417418627511e-01
8.746302771249287389e+02 7.705492674910913165e-01 7.705492674910928708e-01
8.786331265930878089e+02 7.633039624854740524e-01 7.633039624854733862e-01
8.826484965225496353e+02 7.561370617291910401e-01 7.561370617291909291e-01
8.866764038133682106e+02 7.490476131718439845e-01 7.490476131718466490e-01
8.907168653307090835e+02 7.420346775191568600e-01 7.420346775191560829e-01
8.947698979047918328e+02 7.350973280466448490e-01 7.350973280466481796e-01
8.988355183308232199e+02 7.282346504162846568e-01 7.282346504162841017e-01
9.029137433689386398e+02 7.214457424959865861e-01 7.214457424959895837e-01
9.070045897441410716e+02 7.147297141820052602e-01 7.147297141820037059e-01
9.111080741462357082e+02 7.080856872240370858e-01 7.080856872240396394e-01
9.152242132297785702e+02 7.015127950531739875e-01 7.015127950531736545e-01
9.193530236140063607e+02 6.950101826124478466e-01 6.950101826124480686e-01
9.234945218827861027e+02 6.885770061901171912e-01 6.885770061901177463e-01
9.276487245845517009e+02 6.822124332555090653e-01 6.822124332555118409e-01
9.318156482322496004e+02 6.759156422974577083e-01 6.759156422974567091e-01
9.359953093032748939e+02 6.696858226652233625e-01 6.696858226652244728e-01
9.401877242394210725e+02 6.635221744119553788e-01 6.635221744119566001e-01
9.443929094468202265e+02 6.574239081405341967e-01 6.574239081405358620e-01
9.486108812958879071e+02 6.513902448518421595e-01 6.513902448518446020e-01
9.528416561212668512e+02 6.454204157953875587e-01 6.454204157953892240e-01
9.570852502217718438e+02 6.395136623222378303e-01 6.395136623222400507e-01
9.613416798603376492e+02 6.336692357402496922e-01 6.336692357402499143e-01
9.656109612639602346e+02 6.278863971715215042e-01 6.278863971715229475e-01
9.698931106236483402e+02 6.221644174120707360e-01 6.221644174120704029e-01
9.741881440943676580e+02 6.165025767936601619e-01 6.165025767936603840e-01
9.784960777949909243e+02 6.109001650477736689e-01 6.109001650477755563e-01
9.828169278082415303e+02 6.053564811716812821e-01 6.053564811716803939e-01
9.871507101806447508e+02 5.998708332965519974e-01 5.998708332965532186e-01
9.914974409224797682e+02 5.944425385576381782e-01 5.944425385576381782e-01
9.958571360077214649e+02 5.890709229663939617e-01 5.890709229663955160e-01
1.000229811374000064e+03 5.837553212846141593e-01 5.837553212846160466e-01
1.004615482922544061e+03 5.784950769004648663e-01 5.784950769004657545e-01
1.009014166518132470e+03 5.732895417064188814e-01 5.732895417064184374e-01
1.013425877989050377e+03 5.681380759790723989e-01 5.681380759790739532e-01
1.017850633127038805e+03 5.630400482607914592e-01 5.630400482607921253e-01
