# # xx
9.000000000000000000e+00 3.231398768352112711e+03 2.177552096092364877e+02
9.000000000000000000e+00 3.025612165645701680e+03 2.133857343684945818e+02
9.000000000000000000e+00 2.833382705359887041e+03 2.091142125219388390e+02
9.000000000000000000e+00 2.653788124438426621e+03 2.049382310685830078e+02
9.000000000000000000e+00 2.485970840436561048e+03 2.008554415586036441e+02
9.000000000000000000e+00 2.329133281754916879e+03 1.968635582348495063e+02
9.000000000000000000e+00 2.182533564488850516e+03 1.929603562315334386e+02
9.000000000000000000e+00 2.045481489474321506e+03 1.891436698282328450e+02
9.000000000000000000e+00 1.917334835176839078e+03 1.854113907573992890e+02
9.000000000000000000e+00 1.797495923970195918e+03 1.817614665636301936e+02
9.000000000000000000e+00 1.685408441099558331e+03 1.781918990130256759e+02
9.000000000000000000e+00 1.580554487232453539e+03 1.747007425509975178e+02
9.000000000000000000e+00 1.482451846981366089e+03 1.712861028069738154e+02
9.000000000000000000e+00 1.390651457144884262e+03 1.679461351444685988e+02
9.000000000000000000e+00 1.304735059669035536e+03 1.646790432550707521e+02
9.000000000000000000e+00 1.224313025486010474e+03 1.614830777949211438e+02
9.000000000000000000e+00 1.149022336451907449e+03 1.583565350623282200e+02
9.000000000000000000e+00 1.078524713585381505e+03 1.552977557151912436e+02
9.000000000000000000e+00 1.012504880712571776e+03 1.523051235269649339e+02
9.000000000000000000e+00 9.506689534560343873e+02 1.493770641799291070e+02
9.000000000000000000e+00 8.927429442727531068e+02 1.465120440945802045e+02
9.000000000000000000e+00 8.384713749533782448e+02 1.437085692939861303e+02
9.000000000000000000e+00 7.876159886472904645e+02 1.409651843020053548e+02
9.000000000000000000e+00 7.399545540790077212e+02 1.382804710742848613e+02
9.000000000000000000e+00 6.952797551765028174e+02 1.356530479610098894e+02
9.000000000000000000e+00 6.533981598433489353e+02 1.330815687003981225e+02
9.000000000000000000e+00 6.141292620788007071e+02 1.305647214419670092e+02
9.000000000000000000e+00 5.773045920855105351e+02 1.281012277986440324e+02
9.000000000000000000e+00 5.427668894065365066e+02 1.256898419268084837e+02
9.000000000000000000e+00 5.103693345045978162e+02 1.233293496333911605e+02
9.000000000000000000e+00 4.799748345389674000e+02 1.210185675091881023e+02
9.000000000000000000e+00 4.514553594119852278e+02 1.187563420875647893e+02
9.000000000000000000e+00 4.246913244492583317e+02 1.165415490277639776e+02
9.000000000000000000e+00 3.995710163476317121e+02 1.143730923220509368e+02
9.000000000000000000e+00 3.759900592743225047e+02 1.122499035259539397e+02
9.000000000000000000e+00 3.538509182311475456e+02 1.101709410108858265e+02
9.000000000000000000e+00 3.330624370106158381e+02 1.081351892384560358e+02
9.000000000000000000e+00 3.135394082675865661e+02 1.061416580557989278e+02
9.000000000000000000e+00 2.952021734121793770e+02 1.041893820112765781e+02
9.000000000000000000e+00 2.779762501978486853e+02 1.022774196899234340e+02
9.000000000000000000e+00 2.617919860341838785e+02 1.004048530680323381e+02
9.000000000000000000e+00 2.465842351979071339e+02 9.857078688629003693e+01
9.000000000000000000e+00 2.322920582487101910e+02 9.677434804089996589e+01
9.000000000000000000e+00 2.188584420797488690e+02 9.501468499213868313e+01
9.000000000000000000e+00 2.062300391466305598e+02 9.329096718981784875e+01
9.000000000000000000e+00 1.943569245242325394e+02 9.160238451513529867e+01
9.000000000000000000e+00 1.831923695383500217e+02 8.994814673842040520e+01
9.000000000000000000e+00 1.726926308096514617e+02 8.832748299228734368e+01
9.000000000000000000e+00 1.628167536310617152e+02 8.673964125973698458e+01
9.000000000000000000e+00 1.535263886773378204e+02 8.518388787674854257e+01
9.000000000000000000e+00 1.447856211173483132e+02 8.365950704893079148e+01
9.000000000000000000e+00 1.365608112661730047e+02 8.216580038180532597e+01
9.000000000000000000e+00 1.288204459757508005e+02 8.070208642431533974e+01
9.000000000000000000e+00 1.215350000199662475e+02 7.926770022516180347e+01
9.000000000000000000e+00 1.146768067830099369e+02 7.786199290158458552e+01
9.000000000000000000e+00 1.082199376089427858e+02 7.648433122021586428e+01
9.000000000000000000e+00 1.021400892159057321e+02 7.513409718964669537e+01
9.000000000000000000e+00 9.641447862061968976e+01 7.381068766435700468e+01
9.000000000000000000e+00 9.102174505796170934e+01 7.251351395967435565e+01
9.000000000000000000e+00 8.594185841670389436e+01 7.124200147743030698e+01
9.000000000000000000e+00 8.115603374618510202e+01 6.999558934200165083e+01
9.000000000000000000e+00 7.664665141993594943e+01 6.877373004642772969e+01
9.000000000000000000e+00 7.239718257127526613e+01 6.757588910830745021e+01
9.000000000000000000e+00 6.839211944279981026e+01 6.640154473518741440e+01
9.036215300505492820e+00 6.540009362321508490e+01 6.540009362321455910e+01
9.183259868925091496e+00 6.486418242642425014e+01 6.486418242642413645e+01
9.332358358275248733e+00 6.433385354133491774e+01 6.433385354133483247e+01
9.483534360074999725e+00 6.380903779189263503e+01 6.380903779189252845e+01
9.636811671331479090e+00 6.328966698696424231e+01 6.328966698696434179e+01
9.792214295636657795e+00 6.277567390458136742e+01 6.277567390458114005e+01
9.949766444264311005e+00 6.226699227646112433e+01 6.226699227646103196e+01
1.010949253726709429e+01 6.176355677280573531e+01 6.176355677280552214e+01
1.027141720457338181e+01 6.126530298736368962e+01 6.126530298736359015e+01
1.043556528708423237e+01 6.077216742275953720e+01 6.077216742275906114e+01
1.060196183777012635e+01 6.028408747607540619e+01 6.028408747607524276e+01
1.077063212276770088e+01 5.980100142469404290e+01 5.980100142469381552e+01
1.094160162247618828e+01 5.932284841238005413e+01 5.932284841237982675e+01
1.111489603265360415e+01 5.884956843561175077e+01 5.884956843561177919e+01
1.129054126551285897e+01 5.838110233014925399e+01 5.838110233014909056e+01
1.146856345081731732e+01 5.791739175783503413e+01 5.791739175783499860e+01
1.164898893697620075e+01 5.745837919362742952e+01 5.745837919362728741e+01
1.183184429213947375e+01 5.700400791285645141e+01 5.700400791285645852e+01
1.201715630529244905e+01 5.655422197870307599e+01 5.655422197870275625e+01
1.220495198734967524e+01 5.610896622989178439e+01 5.610896622989169913e+01
1.239525857224861127e+01 5.566818626860153074e+01 5.566818626860156627e+01
1.258810351804249805e+01 5.523182844857908691e+01 5.523182844857916507e+01
1.278351450799276456e+01 5.479983986346137215e+01 5.479983986346115898e+01
1.298151945166074661e+01 5.437216833529636517e+01 5.437216833529615911e+01
1.318214648599876426e+01 5.394876240326331640e+01 5.394876240326311745e+01
1.338542397644043902e+01 5.352957131258424539e+01 5.352957131258389012e+01
1.359138051799026670e+01 5.311454500362596320e+01 5.311454500362575715e+01
1.380004493631248330e+01 5.270363410118996939e+01 5.270363410118962122e+01
1.401144628881876208e+01 5.229678990398024752e+01 5.229678990398022620e+01
1.422561386575554998e+01 5.189396437425852326e+01 5.189396437425834563e+01
1.444257719129000961e+01 5.149511012766579654e+01 5.149511012766540574e+01
1.466236602459509619e+01 5.110018042322410992e+01 5.110018042322392517e+01
1.488501036093396834e+01 5.070912915350557881e+01 5.070912915350530170e+01
1.511054043274286052e+01 5.032191083496561390e+01 5.032191083496564232e+01
1.533898671071320408e+01 4.993848059844338394e+01 4.993848059844334841e+01
1.557037990487242496e+01 4.955879417981816459e+01 4.955879417981783774e+01
1.580475096566369153e+01 4.918280791082591463e+01 4.918280791082579384e+01
1.604213108502452201e+01 4.881047871003152494e+01 4.881047871003119809e+01
1.628255169746384112e+01 4.844176407394735406e+01 4.844176407394703432e+01
1.652604448113799762e+01 4.807662206830593732e+01 4.807662206830605101e+01
1.677264135892562180e+01 4.771501131947788821e+01 4.771501131947768215e+01
1.702237449950041537e+01 4.735689100602774460e+01 4.735689100602781565e+01
1.727527631840348477e+01 4.700222085041986020e+01 4.700222085041964704e+01
1.753137947911335104e+01 4.665096111085314590e+01 4.665096111085280484e+01
1.779071689411503954e+01 4.630307257323848091e+01 4.630307257323823222e+01
1.805332172596747142e+01 4.595851654330596858e+01 4.595851654330579095e+01
1.831922738836912501e+01 4.561725483884291776e+01 4.561725483884297461e+01
1.858846754722225825e+01 4.527924978206193174e+01 4.527924978206199569e+01
1.886107612169553605e+01 4.494446419209348420e+01 4.494446419209342025e+01
1.913708728528465031e+01 4.461286137760264126e+01 4.461286137760243520e+01
1.941653546687168586e+01 4.428440512952804653e+01 4.428440512952779073e+01
1.969945535178230855e+01 4.395905971394018508e+01 4.395905971393987954e+01
1.998588188284121614e+01 4.363678986501579260e+01 4.363678986501546575e+01
2.027585026142600100e+01 4.331756077812847394e+01 4.331756077812845263e+01
2.056939594851890618e+01 4.300133810305330684e+01 4.300133810305293025e+01
2.086655466575639295e+01 4.268808793727745154e+01 4.268808793727734496e+01
2.116736239647759277e+01 4.237777681942868213e+01 4.237777681942866081e+01
2.147185538676962224e+01 4.207037172280188031e+01 4.207037172280198689e+01
2.178007014651185003e+01 4.176584004899683578e+01 4.176584004899686420e+01
2.209204345041742101e+01 4.146414962165617624e+01 4.146414962165601992e+01
2.240781233907296865e+01 4.116526868030608455e+01 4.116526868030603481e+01
2.272741411997620276e+01 4.086916587429737291e+01 4.086916587429739423e+01
2.305088636857116313e+01 4.057581025684295639e+01 4.057581025684273612e+01
2.337826692928097927e+01 4.028517127915048235e+01 4.028517127915058893e+01
2.370959391653930837e+01 3.999721878465506109e+01 3.999721878465503977e+01
2.404490571581809633e+01 3.971192300333630953e+01 3.971192300333621716e+01
2.438424098465417345e+01 3.942925454613384062e+01 3.942925454613386194e+01
2.472763865367286940e+01 3.914918439944926831e+01 3.914918439944918305e+01
2.507513792760926563e+01 3.887168391973540338e+01 3.887168391973531101e+01
2.542677828632711012e+01 3.859672482817405381e+01 3.859672482817390460e+01
2.578259948583521677e+01 3.832427920543719324e+01 3.832427920543712929e+01
2.614264155930129263e+01 3.805431948653247076e+01 3.805431948653230734e+01
2.650694481806311842e+01 3.778681845573002818e+01 3.778681845572970843e+01
2.687554985263721719e+01 3.752174924156972224e+01 3.752174924156962987e+01
2.724849753372506100e+01 3.725908531194993145e+01 3.725908531194980355e+01
2.762582901321599493e+01 3.699880046928991106e+01 3.699880046928977606e+01
2.800758572518838108e+01 3.674086884577254608e+01 3.674086884577222634e+01
2.839380938690690925e+01 3.648526489865909639e+01 3.648526489865886191e+01
2.878454199981804251e+01 3.623196340568100737e+01 3.623196340568101448e+01
2.917982585054222966e+01 3.598093946050182268e+01 3.598093946050173031e+01
2.957970351186315838e+01 3.573216846825032889e+01 3.573216846825005888e+01
2.998421784371422660e+01 3.548562614112508129e+01 3.548562614112483260e+01
3.039341199416228534e+01 3.524128849406756814e+01 3.524128849406744024e+01
3.080732940038816992e+01 3.499913184050259929e+01 3.499913184050256376e+01
3.122601378966419006e+01 3.475913278814506668e+01 3.475913278814487484e+01
3.164950918032877070e+01 3.452126823487198948e+01 3.452126823487184737e+01
3.207785988275800548e+01 3.428551536465990068e+01 3.428551536465994332e+01
3.251111050033399152e+01 3.405185164358507421e+01 3.405185164358498895e+01
3.294930593040994893e+01 3.382025481588368621e+01 3.382025481588360094e+01
3.339249136527259765e+01 3.359070290007649362e+01 3.359070290007646520e+01
3.384071229310070095e+01 3.336317418515132260e+01 3.336317418515108102e+01
3.429401449892090881e+01 3.313764722680392794e+01 3.313764722680382846e+01
3.475244406556009125e+01 3.291410084373999467e+01 3.291410084373991651e+01
3.521604737459426104e+01 3.269251411403002550e+01 3.269251411402993313e+01
3.568487110729441270e+01 3.247286637152348021e+01 3.247286637152332389e+01
3.615896224556889393e+01 3.225513720231626991e+01 3.225513720231602832e+01
3.663836807290206821e+01 3.203930644127272842e+01 3.203930644127272132e+01
3.712313617529020604e+01 3.182535416860236310e+01 3.182535416860233823e+01
3.761331444217318420e+01 3.161326070648609843e+01 3.161326070648592435e+01
3.810895106736303717e+01 3.140300661575576768e+01 3.140300661575571795e+01
3.861009454996913348e+01 3.119457269262541388e+01 3.119457269262531440e+01
3.911679369531937311e+01 3.098793996546894647e+01 3.098793996546887897e+01
3.962909761587815183e+01 3.078308969165061626e+01 3.078308969165045283e+01
4.014705573216040335e+01 3.058000335440004491e+01 3.058000335439993833e+01
4.067071777364216700e+01 3.037866265973765678e+01 3.037866265973765678e+01
4.120013377966753865e+01 3.017904953344465824e+01 3.017904953344467955e+01
4.173535410035157156e+01 2.998114611807940477e+01 2.998114611807937280e+01
4.227642939747977380e+01 2.978493477003869572e+01 2.978493477003863177e+01
4.282341064540347020e+01 2.959039805666355250e+01 2.959039805666350276e+01
4.337634913193181063e+01 2.939751875338839326e+01 2.939751875338833642e+01
4.393529645921948656e+01 2.920627984093306395e+01 2.920627984093288276e+01
4.450030454465072438e+01 2.901666450253611274e+01 2.901666450253611629e+01
4.507142562171959099e+01 2.882865612123221410e+01 2.882865612123197252e+01
4.564871224090585855e+01 2.864223827716552151e+01 2.864223827716548243e+01
4.623221727054762198e+01 2.845739474494890686e+01 2.845739474494885357e+01
4.682199389770912745e+01 2.827410949105761873e+01 2.827410949105753701e+01
4.741809562904513342e+01 2.809236667126438647e+01 2.809236667126435805e+01
4.802057629166113628e+01 2.791215062811229686e+01 2.791215062811230396e+01
4.862949003396920489e+01 2.773344588842441638e+01 2.773344588842435243e+01
4.924489132654026236e+01 2.755623716085110431e+01 2.755623716085095509e+01
4.986683496295149354e+01 2.738050933345298787e+01 2.738050933345278537e+01
5.049537606063023532e+01 2.720624747132018584e+01 2.720624747132006860e+01
5.113057006169362495e+01 2.703343681422673583e+01 2.703343681422668610e+01
5.177247273378329595e+01 2.686206277431871925e+01 2.686206277431863754e+01
5.242114017089684808e+01 2.669211093383702860e+01 2.669211093383701083e+01
5.307662879421435775e+01 2.652356704287415567e+01 2.652356704287410594e+01
5.373899535292082419e+01 2.635641701716212992e+01 2.635641701716217966e+01
5.440829692502432380e+01 2.619064693589548654e+01 2.619064693589533377e+01
5.508459091816947506e+01 2.602624303958248575e+01 2.602624303958242180e+01
5.576793507044715881e+01 2.586319172793214705e+01 2.586319172793196941e+01
5.645838745119917945e+01 2.570147955776777593e+01 2.570147955776763737e+01
5.715600646181881928e+01 2.554109324097387557e+01 2.554109324097386846e+01
5.786085083654722894e+01 2.538201964247211961e+01 2.538201964247195619e+01
5.857297964326431128e+01 2.522424577822488700e+01 2.522424577822486569e+01
5.929245228427635084e+01 2.506775881327135735e+01 2.506775881327141775e+01
6.001932849709854167e+01 2.491254605978896919e+01 2.491254605978886261e+01
6.075366835523233533e+01 2.475859497518316488e+01 2.475859497518312935e+01
6.149553226893966240e+01 2.460589316020734429e+01 2.460589316020728035e+01
6.224498098601110030e+01 2.445442835710648311e+01 2.445442835710644758e+01
6.300207559253035328e+01 2.430418844778991172e+01 2.430418844778979803e+01
6.376687751363338919e+01 2.415516145202888865e+01 2.415516145202881049e+01
6.453944851426382456e+01 2.400733552568146933e+01 2.400733552568128459e+01
6.531985069992224169e+01 2.386069895894079451e+01 2.386069895894081228e+01
6.610814651741242187e+01 2.371524017461137035e+01 2.371524017461129574e+01
6.690439875558132599e+01 2.357094772640646951e+01 2.357094772640638425e+01
6.770867054605537305e+01 2.342781029727277797e+01 2.342781029727276021e+01
6.852102536397130450e+01 2.328581669773760154e+01 2.328581669773753049e+01
6.934152702870233043e+01 2.314495586427941731e+01 2.314495586427925744e+01
7.017023970457991311e+01 2.300521685772202218e+01 2.300521685772197245e+01
7.100722790161023568e+01 2.286658886165212579e+01 2.286658886165198012e+01
7.185255647618537012e+01 2.272906118085713700e+01 2.272906118085715121e+01
7.270629063179086415e+01 2.259262323978837372e+01 2.259262323978829556e+01
7.356849591970711799e+01 2.245726458104248735e+01 2.245726458104233458e+01
7.443923823970625619e+01 2.232297486386682905e+01 2.232297486386678997e+01
7.531858384074431001e+01 2.218974386268535781e+01 2.218974386268520504e+01
7.620659932164794270e+01 2.205756146564369757e+01 2.205756146564372244e+01
7.710335163179685480e+01 2.192641767317768142e+01 2.192641767317769563e+01
7.800890807180013553e+01 2.179630259659870717e+01 2.179630259659858282e+01
7.892333629416842200e+01 2.166720645670078227e+01 2.166720645670069700e+01
7.984670430398102781e+01 2.153911958238723301e+01 2.153911958238721169e+01
8.077908045954701777e+01 2.141203240931569596e+01 2.141203240931558582e+01
8.172053347306244575e+01 2.128593547856196366e+01 2.128593547856194945e+01
8.267113241126156709e+01 2.116081943530378595e+01 2.116081943530375398e+01
8.363094669606337561e+01 2.103667502752121266e+01 2.103667502752111318e+01
8.460004610521274060e+01 2.091349310471607836e+01 2.091349310471605705e+01
8.557850077291642776e+01 2.079126461664960956e+01 2.079126461664945325e+01
8.656638119047386226e+01 2.066998061209548609e+01 2.066998061209553583e+01
8.756375820690324474e+01 2.054963223761381030e+01 2.054963223761368241e+01
8.857070302956115881e+01 2.043021073633721940e+01 2.043021073633712348e+01
8.958728722475868267e+01 2.031170744677849527e+01 2.031170744677842421e+01
9.061358271837015366e+01 2.019411380165123404e+01 2.019411380165115233e+01
9.164966179643920441e+01 2.007742132670835389e+01 2.007742132670829349e+01
9.269559710577651401e+01 1.996162163959606417e+01 1.996162163959600022e+01
9.375146165455520020e+01 1.984670644872371170e+01 1.984670644872367262e+01
9.481732881289853765e+01 1.973266755214895696e+01 1.973266755214890011e+01
9.589327231346405256e+01 1.961949683647831577e+01 1.961949683647832288e+01
9.697936625202072491e+01 1.950718627578305231e+01 1.950718627578290665e+01
9.807568508802209806e+01 1.939572793052854394e+01 1.939572793052850486e+01
9.918230364517347653e+01 1.928511394652056055e+01 1.928511394652051436e+01
1.002992971119934822e+02 1.917533655386353786e+01 1.917533655386345259e+01
1.014267410423706650e+02 1.906638806593429081e+01 1.906638806593420199e+01
1.025647113561144010e+02 1.895826087836944751e+01 1.895826087836937646e+01
1.037132843395001629e+02 1.885094746806643329e+01 1.885094746806642263e+01
1.048725366458098449e+02 1.874444039219825697e+01 1.874444039219823921e+01
1.060425452958662049e+02 1.863873228724101949e+01 1.863873228724097331e+01
1.072233876785620055e+02 1.853381586801533487e+01 1.853381586801527803e+01
1.084151415513833427e+02 1.842968392674010403e+01 1.842968392674006139e+01
1.096178850409283001e+02 1.832632933209929860e+01 1.832632933209922044e+01
1.108316966434182689e+02 1.822374502832095899e+01 1.822374502832091991e+01
1.120566552252065833e+02 1.812192403426932685e+01 1.812192403426923448e+01
1.132928400232782309e+02 1.802085944254782746e+01 1.802085944254773153e+01
1.145403306457471757e+02 1.792054441861557734e+01 1.792054441861556313e+01
1.157992070723456663e+02 1.782097219991477033e+01 1.782097219991464954e+01
1.170695496549089540e+02 1.772213609500927589e+01 1.772213609500927234e+01
1.183514391178554490e+02 1.762402948273669168e+01 1.762402948273654957e+01
1.196449565586584924e+02 1.752664581136874133e+01 1.752664581136864186e+01
1.209501834483156699e+02 1.742997859778582637e+01 1.742997859778578018e+01
1.222672016318103516e+02 1.733402142666046331e+01 1.733402142666040291e+01
1.235960933285684149e+02 1.723876794965222459e+01 1.723876794965222459e+01
1.249369411329088990e+02 1.714421188461388823e+01 1.714421188461380652e+01
1.262898280144894869e+02 1.705034701480667181e+01 1.705034701480661496e+01
1.276548373187461323e+02 1.695716718812767354e+01 1.695716718812756696e+01
1.290320527673268316e+02 1.686466631634581148e+01 1.686466631634575819e+01
1.304215584585199394e+02 1.677283837434915981e+01 1.677283837434908875e+01
1.318234388676760602e+02 1.668167739940099992e+01 1.668167739940093597e+01
1.332377788476258900e+02 1.659117749040672507e+01 1.659117749040665046e+01
1.346646636290903700e+02 1.650133280718954509e+01 1.650133280718951312e+01
1.361041788210862080e+02 1.641213756977616711e+01 1.641213756977615645e+01
1.375564104113257713e+02 1.632358605769179150e+01 1.632358605769168847e+01
1.390214447666102444e+02 1.623567260926358102e+01 1.623567260926351707e+01
1.404993686332184950e+02 1.614839162093461766e+01 1.614839162093456437e+01
1.419902691372892036e+02 1.606173754658558650e+01 1.606173754658555097e+01
1.434942337851965704e+02 1.597570489686573936e+01 1.597570489686568074e+01
1.450113504639224686e+02 1.589028823853254657e+01 1.589028823853243289e+01
1.465417074414199305e+02 1.580548219379974739e+01 1.580548219379968877e+01
1.480853933669739320e+02 1.572128143969445624e+01 1.572128143969438163e+01
1.496424972715532533e+02 1.563768070742155913e+01 1.563768070742154492e+01
1.512131085681587876e+02 1.555467478173736851e+01 1.555467478173735252e+01
1.527973170521658517e+02 1.547225850033067651e+01 1.547225850033060190e+01
1.543952129016586241e+02 1.539042675321170073e+01 1.539042675321171671e+01
1.560068866777621110e+02 1.530917448211010345e+01 1.530917448211009280e+01
1.576324293249650736e+02 1.522849667987899736e+01 1.522849667987889255e+01
1.592719321714386922e+02 1.514838838990748471e+01 1.514838838990746694e+01
1.609254869293504839e+02 1.506884470554166988e+01 1.506884470554155797e+01
1.625931856951686143e+02 1.498986076951068469e+01 1.498986076951066693e+01
1.642751209499657534e+02 1.491143177336297221e+01 1.491143177336297576e+01
1.659713855597118766e+02 1.483355295690722109e+01 1.483355295690719444e+01
1.676820727755645066e+02 1.475621960766186547e+01 1.475621960766187790e+01
1.694072762341520502e+02 1.467942706031161038e+01 1.467942706031151623e+01
1.711470899578509659e+02 1.460317069616971963e+01 1.460317069616960417e+01
1.729016083550573910e+02 1.452744594264859579e+01 1.452744594264852829e+01
1.746709262204540778e+02 1.445224827273641033e+01 1.445224827273633039e+01
1.764551387352683776e+02 1.437757320447987475e+01 1.437757320447982146e+01
1.782543414675272118e+02 1.430341630047453272e+01 1.430341630047449009e+01
1.800686303723059609e+02 1.422977316736075259e+01 1.422977316736069753e+01
1.818981017919692533e+02 1.415663945532641321e+01 1.415663945532638479e+01
1.837428524564082295e+02 1.408401085761597749e+01 1.408401085761589222e+01
1.856029794832707012e+02 1.401188311004506915e+01 1.401188311004505849e+01
1.874785803781859101e+02 1.394025199052248354e+01 1.394025199052243913e+01
1.893697530349834608e+02 1.386911331857639240e+01 1.386911331857639773e+01
1.912765957359054312e+02 1.379846295488837704e+01 1.379846295488836816e+01
1.931992071518135958e+02 1.372829680083179227e+01 1.372829680083172299e+01
1.951376863423906798e+02 1.365861079801658740e+01 1.365861079801659272e+01
1.970921327563351895e+02 1.358940092784019882e+01 1.358940092784016862e+01
1.990626462315506160e+02 1.352066321104286040e+01 1.352066321104288704e+01
2.010493269953291531e+02 1.345239370726996064e+01 1.345239370726998196e+01
2.030522756645286506e+02 1.338458851463849086e+01 1.338458851463844645e+01
2.050715932457440829e+02 1.331724376930955067e+01 1.331724376930947962e+01
2.071073811354731049e+02 1.325035564506621100e+01 1.325035564506619679e+01
2.091597411202770900e+02 1.318392035289682696e+01 1.318392035289673636e+01
2.112287753769323615e+02 1.311793414058215035e+01 1.311793414058211305e+01
2.133145864725811123e+02 1.305239329228974832e+01 1.305239329228971634e+01
2.154172773648708983e+02 1.298729412817137963e+01 1.298729412817131923e+01
2.175369514020921713e+02 1.292263300396652603e+01 1.292263300396651005e+01
2.196737123233078819e+02 1.285840631061058126e+01 1.285840631061059902e+01
2.218276642584787339e+02 1.279461047384765671e+01 1.279461047384761407e+01
2.239989117285799125e+02 1.273124195384800927e+01 1.273124195384793467e+01
2.261875596457152824e+02 1.266829724483073960e+01 1.266829724483073605e+01
2.283937133132238557e+02 1.260577287469093477e+01 1.260577287469093832e+01
2.306174784257789838e+02 1.254366540463069590e+01 1.254366540463066926e+01
2.328589610694856731e+02 1.248197142879552679e+01 1.248197142879553390e+01
2.351182677219674986e+02 1.242068757391495204e+01 1.242068757391494316e+01
2.373955052524506186e+02 1.235981049894713912e+01 1.235981049894710893e+01
2.396907809218411671e+02 1.229933689472819758e+01 1.229933689472819403e+01
2.420042023827962510e+02 1.223926348362595640e+01 1.223926348362593686e+01
2.443358776797901157e+02 1.217958701919723197e+01 1.217958701919715381e+01
2.466859152491720977e+02 1.212030428584976605e+01 1.212030428584972697e+01
2.490544239192230691e+02 1.206141209850860818e+01 1.206141209850859930e+01
2.514415129102005722e+02 1.200290730228565650e+01 1.200290730228560676e+01
2.538472918343829576e+02 1.194478677215360563e+01 1.194478677215359674e+01
2.562718706961044859e+02 1.188704741262433018e+01 1.188704741262429820e+01
2.587153598917858517e+02 1.182968615743017082e+01 1.182968615743014418e+01
2.611778702099592238e+02 1.177269996920998629e+01 1.177269996920991169e+01
2.636595128312854399e+02 1.171608583919815239e+01 1.171608583919809732e+01
2.661603993285693832e+02 1.165984078691819903e+01 1.165984078691817061e+01
2.686806416667640747e+02 1.160396185987926110e+01 1.160396185987926287e+01
2.712203522029747091e+02 1.154844613327681202e+01 1.154844613327678893e+01
2.737796436864508678e+02 1.149329070969644917e+01 1.149329070969636213e+01
2.763586292585787874e+02 1.143849271882147889e+01 1.143849271882148777e+01
2.789574224528644777e+02 1.138404931714469193e+01 1.138404931714460844e+01
2.815761371949097907e+02 1.132995768768163281e+01 1.132995768768159373e+01
2.842148878023876364e+02 1.127621503968976135e+01 1.127621503968970806e+01
2.868737889850053193e+02 1.122281860838891987e+01 1.122281860838891987e+01
2.895529558444670784e+02 1.116976565468641347e+01 1.116976565468637972e+01
2.922525038744283279e+02 1.111705346490444057e+01 1.111705346490442814e+01
2.949725489604441577e+02 1.106467935051164275e+01 1.106467935051162677e+01
2.977132073799131149e+02 1.101264064785695318e+01 1.101264064785691410e+01
3.004745958020145622e+02 1.096093471790727847e+01 1.096093471790725360e+01
3.032568312876401251e+02 1.090955894598790543e+01 1.090955894598788234e+01
3.060600312893210457e+02 1.085851074152611417e+01 1.085851074152609641e+01
3.088843136511454759e+02 1.080778753779775236e+01 1.080778753779772039e+01
3.117297966086769065e+02 1.075738679167676004e+01 1.075738679167674405e+01
3.145965987888587279e+02 1.070730598338777639e+01 1.070730598338773731e+01
3.174848392099208354e+02 1.065754261626137200e+01 1.065754261626137733e+01
3.203946372812756067e+02 1.060809421649274853e+01 1.060809421649275919e+01
3.233261128034087619e+02 1.055895833290239239e+01 1.055895833290233909e+01
3.262793859677670980e+02 1.051013253670009284e+01 1.051013253670005199e+01
3.292545773566374692e+02 1.046161442125181473e+01 1.046161442125179164e+01
3.322518079430211060e+02 1.041340160184893016e+01 1.041340160184893548e+01
3.352711990905048083e+02 1.036549171548038117e+01 1.036549171548037762e+01
3.383128725531216219e+02 1.031788242060722460e+01 1.031788242060716598e+01
3.413769504752099238e+02 1.027057139694005627e+01 1.027057139694002785e+01
3.444635553912646060e+02 1.022355634521911405e+01 1.022355634521909984e+01
3.475728102257845080e+02 1.017683498699652844e+01 1.017683498699651601e+01
3.507048382931133688e+02 1.013040506442148825e+01 1.013040506442145272e+01
3.538597632972724227e+02 1.008426434002746674e+01 1.008426434002741345e+01
3.570377093317937920e+02 1.003841059652244461e+01 1.003841059652245526e+01
3.602388008795413725e+02 9.992841636581260900e+00 9.992841636581246689e+00
3.634631628125301290e+02 9.947555282640088592e+00 9.947555282640069052e+00
3.667109203917401601e+02 9.902549376693768224e+00 9.902549376693762895e+00
3.699821992669224642e+02 9.857821780095326503e+00 9.857821780095271436e+00
3.732771254764009541e+02 9.813370373357384935e+00 9.813370373357395593e+00
3.765958254468689006e+02 9.769193055956703731e+00 9.769193055956712612e+00
3.799384259931791803e+02 9.725287746139954947e+00 9.725287746139949618e+00
3.833050543181312833e+02 9.681652380732449714e+00 9.681652380732440832e+00
3.866958380122468384e+02 9.638284914948775040e+00 9.638284914948776816e+00
3.901109050535485494e+02 9.595183322205693699e+00 9.595183322205649290e+00
3.935503838073255451e+02 9.552345593936903967e+00 9.552345593936857782e+00
3.970144030258974226e+02 9.509769739410318223e+00 9.509769739410289802e+00
4.005030918483727191e+02 9.467453785547160550e+00 9.467453785547165879e+00
4.040165798003997111e+02 9.425395776743163978e+00 9.425395776743149767e+00
4.075549967939152793e+02 9.383593774691796341e+00 9.383593774691751932e+00
4.111184731268837140e+02 9.342045858209345965e+00 9.342045858209331755e+00
4.147071394830348368e+02 9.300750123062542229e+00 9.300750123062512031e+00
4.183211269315945628e+02 9.259704681797270354e+00 9.259704681797254366e+00
4.219605669270078465e+02 9.218907663569954281e+00 9.218907663569948951e+00
4.256255913086603755e+02 9.178357213980518736e+00 9.178357213980486762e+00
4.293163323005938423e+02 9.138051494907097450e+00 9.138051494907053041e+00
4.330329225112117797e+02 9.097988684342878329e+00 9.097988684342910304e+00
4.367754949329872716e+02 9.058166976234959478e+00 9.058166976234986123e+00
4.405441829421582156e+02 9.018584580324240818e+00 9.018584580324230160e+00
4.443391202984220740e+02 8.979239721987825718e+00 8.979239721987822165e+00
4.481604411446231779e+02 8.940130642083081725e+00 8.940130642083049750e+00
4.520082800064344610e+02 8.901255596793070879e+00 8.901255596793067326e+00
4.558827717920368627e+02 8.862612857474271522e+00 8.862612857474278627e+00
4.597840517917892385e+02 8.824200710505410328e+00 8.824200710505413880e+00
4.637122556778959961e+02 8.786017457138411757e+00 8.786017457138381559e+00
4.676675195040673998e+02 8.748061413350677995e+00 8.748061413350699311e+00
4.716499797051789642e+02 8.710330909699569801e+00 8.710330909699587565e+00
4.756597730969180589e+02 8.672824291177690270e+00 8.672824291177660072e+00
4.796970368754335254e+02 8.635539917070301996e+00 8.635539917070280680e+00
4.837619086169731872e+02 8.598476160814458424e+00 8.598476160814445990e+00
4.878545262775235187e+02 8.561631409859273845e+00 8.561631409859245423e+00
4.919750281924356727e+02 8.525004065527834740e+00 8.525004065527834740e+00
4.961235530760528150e+02 8.488592542880976310e+00 8.488592542880960323e+00
5.003002400213301257e+02 8.452395270582062636e+00 8.452395270582060860e+00
5.045052284994493448e+02 8.416410690763667546e+00 8.416410690763646230e+00
5.087386583594302465e+02 8.380637258895472286e+00 8.380637258895454522e+00
5.130006698277321675e+02 8.345073443653694412e+00 8.345073443653692635e+00
5.172914035078566712e+02 8.309717726792115400e+00 8.309717726792067438e+00
5.216110003799404922e+02 8.274568603013955581e+00 8.274568603013943147e+00
5.259596018003481959e+02 8.239624579846125840e+00 8.239624579846131169e+00
5.303373495012522199e+02 8.204884177513863008e+00 8.204884177513855903e+00
5.347443855902153018e+02 8.170345928817241088e+00 8.170345928817214443e+00
5.391808525497652909e+02 8.136008379009050273e+00 8.136008379009005864e+00
5.436468932369638196e+02 8.101870085673786193e+00 8.101870085673743560e+00
5.481426508829713384e+02 8.067929618608145503e+00 8.067929618608149056e+00
5.526682690926070336e+02 8.034185559702843094e+00 8.034185559702825330e+00
5.572238918439037434e+02 8.000636502825290819e+00 8.000636502825294372e+00
5.618096634876573034e+02 7.967281053704329707e+00 7.967281053704295068e+00
5.664257287469706625e+02 7.934117829815227729e+00 7.934117829815241940e+00
5.710722327167987942e+02 7.901145460267131604e+00 7.901145460267070320e+00
5.757493208634759867e+02 7.868362585690222843e+00 7.868362585690194422e+00
5.804571390242547295e+02 7.835767858125728402e+00 7.835767858125675112e+00
5.851958334068239083e+02 7.803359940915709281e+00 7.803359940915711945e+00
5.899655505888348443e+02 7.771137508595106880e+00 7.771137508595110432e+00
5.947664375174153975e+02 7.739099246784118868e+00 7.739099246784132191e+00
5.995986415086806574e+02 7.707243852082314994e+00 7.707243852082316771e+00
6.044623102472398841e+02 7.675570031963545148e+00 7.675570031963532713e+00
6.093575917856966271e+02 7.644076504672216110e+00 7.644076504672183248e+00
6.142846345441496396e+02 7.612761999120413847e+00 7.612761999120421841e+00
6.192435873096814021e+02 7.581625254786595214e+00 7.581625254786568568e+00
6.242345992358452804e+02 7.550665021614578976e+00 7.550665021614566541e+00
6.292578198421522302e+02 7.519880059914517467e+00 7.519880059914510362e+00
6.343133990135461318e+02 7.489269140264218194e+00 7.489269140264189772e+00
6.394014869998753738e+02 7.458831043411860762e+00 7.458831043411846551e+00
6.445222344153662561e+02 7.428564560179730769e+00 7.428564560179724552e+00
6.496757922380850232e+02 7.398468491368888955e+00 7.398468491368889843e+00
6.548623118093951234e+02 7.368541647664813787e+00 7.368541647664813787e+00
6.600819448334186745e+02 7.338782849544288389e+00 7.338782849544244868e+00
6.653348433764786023e+02 7.309190927182735997e+00 7.309190927182750208e+00
6.706211598665514657e+02 7.279764720363518293e+00 7.279764720363488983e+00
6.759410470927052756e+02 7.250503078386863365e+00 7.250503078386850042e+00
6.812946582045382229e+02 7.221404859981030100e+00 7.221404859981008784e+00
6.866821467116088797e+02 7.192468933213508997e+00 7.192468933213487681e+00
6.921036664828670837e+02 7.163694175403641395e+00 7.163694175403625408e+00
6.975593717460751577e+02 7.135079473035999875e+00 7.135079473035992770e+00
7.030494170872254927e+02 7.106623721674615091e+00 7.106623721674596439e+00
7.085739574499613127e+02 7.078325825878280853e+00 7.078325825878255095e+00
7.141331481349790238e+02 7.050184699116501363e+00 7.050184699116471165e+00
7.197271447994401115e+02 7.022199263686627724e+00 7.022199263686610848e+00
7.253561034563683734e+02 6.994368450631570866e+00 6.994368450631570866e+00
7.310201804740505622e+02 6.966691199658611389e+00 6.966691199658585631e+00
7.367195325754253190e+02 6.939166459058703218e+00 6.939166459058689895e+00
7.424543168374759716e+02 6.911793185627213454e+00 6.911793185627177039e+00
7.482246906906095774e+02 6.884570344584766133e+00 6.884570344584751034e+00
7.540308119180414224e+02 6.857496909499614546e+00 6.857496909499595894e+00
7.598728386551682661e+02 6.830571862210172540e+00 6.830571862210181422e+00
7.657509293889387436e+02 6.803794192748940262e+00 6.803794192748926051e+00
7.716652429572235405e+02 6.777162899266660823e+00 6.777162899266628848e+00
7.776159385481741992e+02 6.750676987957711539e+00 6.750676987957685782e+00
7.836031756995864725e+02 6.724335472986066264e+00 6.724335472986080475e+00
7.896271142982517404e+02 6.698137376412174326e+00 6.698137376412137911e+00
7.956879145793054704e+02 6.672081728120009103e+00 6.672081728119988675e+00
8.017857371255796579e+02 6.646167565745951578e+00 6.646167565745945360e+00
8.079207428669391220e+02 6.620393934607342601e+00 6.620393934607346154e+00
8.140930930796223493e+02 6.594759887632389628e+00 6.594759887632387851e+00
8.203029493855742658e+02 6.569264485290550404e+00 6.569264485290554845e+00
8.265504737517791227e+02 6.543906795523759534e+00 6.543906795523746212e+00
8.328358284895791712e+02 6.518685893678205723e+00 6.518685893678175525e+00
8.391591762540047057e+02 6.493600862436920806e+00 6.493600862436934129e+00
8.455206800430891008e+02 6.468650791753264961e+00 6.468650791753237428e+00
8.519205031971781636e+02 6.443834778784370165e+00 6.443834778784347961e+00
8.583588093982466489e+02 6.419151927826236559e+00 6.419151927826223236e+00
8.648357626691994255e+02 6.394601350248769300e+00 6.394601350248778182e+00
8.713515273731784418e+02 6.370182164431841265e+00 6.370182164431819949e+00
8.779062682128532060e+02 6.345893495701631970e+00 6.345893495701619536e+00
8.845001502297220668e+02 6.321734476268185077e+00 6.321734476268180636e+00
8.911333388034001928e+02 6.297704245163113335e+00 6.297704245163089354e+00
8.978059996509060738e+02 6.273801948178046928e+00 6.273801948178039822e+00
9.045182988259397234e+02 6.250026737803910493e+00 6.250026737803883847e+00
9.112704027181716810e+02 6.226377773170501229e+00 6.226377773170480801e+00
9.180624780525065489e+02 6.202854219986979167e+00 6.202854219986976503e+00
9.248946918883651733e+02 6.179455250482797979e+00 6.179455250482773110e+00
9.317672116189414737e+02 6.156180043349057662e+00 6.156180043349049669e+00
9.386802049704734827e+02 6.133027783680927492e+00 6.133027783680935485e+00
9.456338400015035859e+02 6.109997662920230610e+00 6.109997662920203076e+00
9.526282851021277338e+02 6.087088878798606828e+00 6.087088878798596170e+00
9.596637089932584104e+02 6.064300635281624885e+00 6.064300635281641760e+00
9.667402807258658868e+02 6.041632142513143400e+00 6.041632142513113202e+00
9.738581696802251599e+02 6.019082616760019100e+00 6.019082616759997784e+00
9.810175455651587981e+02 5.996651280358074487e+00 5.996651280358037184e+00
9.882185784172758076e+02 5.974337361657826584e+00 5.974337361657801715e+00
9.954614386002045876e+02 5.952140094971295703e+00 5.952140094971298367e+00
1.002746296803827363e+03 5.930058720519144622e+00 5.930058720519147286e+00
1.010073324043500861e+03 5.908092484378229869e+00 5.908092484378215659e+00
1.017442691659288698e+03 5.886240638429903527e+00 5.886240638429887539e+00
1.024854571315171825e+03 5.864502440308661413e+00 5.864502440308644537e+00
1.032309134998277614e+03 5.842877153351440533e+00 5.842877153351443198e+00
1.039806555018085191e+03 5.821364046547377491e+00 5.821364046547343740e+00
1.047347004005633153e+03 5.799962394487721440e+00 5.799962394487723216e+00
1.054930654912737282e+03 5.778671477317074867e+00 5.778671477317066874e+00
1.062557681011182694e+03 5.757490580684086368e+00 5.757490580684094361e+00
1.070228255891930530e+03 5.736418995693529865e+00 5.736418995693516543e+00
1.077942553464307366e+03 5.715456018858103171e+00 5.715456018858108500e+00
1.085700747955210090e+03 5.694600952051440679e+00 5.694600952051443343e+00
1.093503013908283492e+03 5.673853102460923559e+00 5.673853102460933329e+00
1.101349526183114676e+03 5.653211782541377239e+00 5.653211782541372799e+00
1.109240459954410426e+03 5.632676309969027351e+00 5.632676309969014028e+00
1.117175990711186842e+03 5.612246007596030317e+00 5.612246007596022324e+00
1.125156294255931471e+03 5.591920203405352119e+00 5.591920203405348566e+00
1.133181546703793629e+03 5.571698230466166635e+00 5.571698230466138213e+00
1.141251924481740616e+03 5.551579426889527547e+00 5.551579426889503566e+00
1.149367604327731669e+03 5.531563135784730356e+00 5.531563135784718810e+00
1.157528763289882136e+03 5.511648705215958621e+00 5.511648705215965727e+00
1.165735578725621508e+03 5.491835488159304113e+00 5.491835488159300560e+00
1.173988228300855098e+03 5.472122842460237280e+00 5.472122842460232839e+00
1.182286889989113661e+03 5.452510130791573317e+00 5.452510130791575982e+00
1.190631742070707560e+03 5.432996720611812158e+00 5.432996720611806829e+00
1.199022963131877077e+03 5.413581984123784885e+00 5.413581984123773339e+00
1.207460732063932710e+03 5.394265298233797523e+00 5.394265298233807293e+00
1.215945228062407750e+03 5.375046044511295307e+00 5.375046044511258891e+00
1.224476630626180395e+03 5.355923609148398157e+00 5.355923609148394604e+00
1.233055119556631098e+03 5.336897382920752442e+00 5.336897382920716026e+00
1.241680874956756725e+03 5.317966761147658872e+00 5.317966761147625121e+00
1.250354077230314715e+03 5.299131143653496245e+00 5.299131143653487364e+00
1.259074907080942694e+03 5.280389934729064372e+00 5.280389934729064372e+00
1.267843545511291723e+03 5.261742543093378188e+00 5.261742543093354207e+00
1.276660173822136812e+03 5.243188381855778069e+00 5.243188381855740765e+00
1.285524973611501764e+03 5.224726868478528630e+00 5.224726868478513531e+00
1.294438126773777640e+03 5.206357424739829654e+00 5.206357424739826989e+00
1.303399815498833505e+03 5.188079476696900727e+00 5.188079476696881187e+00
1.312410222271124212e+03 5.169892454649633429e+00 5.169892454649612112e+00
1.321469529868802965e+03 5.151795793104588128e+00 5.151795793104555266e+00
1.330577921362820916e+03 5.133788930739218159e+00 5.133788930739227929e+00
1.339735580116039046e+03 5.115871310366725488e+00 5.115871310366724600e+00
1.348942689782310481e+03 5.098042378900706773e+00 5.098042378900718319e+00
1.358199434305599198e+03 5.080301587320746215e+00 5.080301587320732004e+00
1.367505997919050060e+03 5.062648390637842333e+00 5.062648390637834339e+00
1.376862565144102746e+03 5.045082247860605662e+00 5.045082247860591451e+00
1.386269320789566791e+03 5.027602621961322349e+00 5.027602621961322349e+00
1.395726449950708457e+03 5.010208979842756705e+00 5.010208979842758481e+00
1.405234138008341233e+03 4.992900792304976854e+00 4.992900792304972413e+00
1.414792570627898385e+03 4.975677534012579173e+00 4.975677534012575620e+00
1.424401933758520499e+03 4.958538683462331953e+00 4.958538683462318630e+00
1.434062413632119387e+03 4.941483722950922974e+00 4.941483722950914093e+00
1.443774196762461997e+03 4.924512138543209794e+00 4.924512138543217787e+00
1.453537469944239774e+03 4.907623420040725826e+00 4.907623420040701845e+00
1.463352420252129377e+03 4.890817060950204187e+00 4.890817060950181983e+00
1.473219235039862724e+03 4.874092558452897350e+00 4.874092558452900903e+00
1.483138101939301123e+03 4.857449413373878144e+00 4.857449413373856828e+00
1.493109208859471210e+03 4.840887130151439344e+00 4.840887130151451778e+00
1.503132743985651587e+03 4.824405216807378771e+00 4.824405216807375218e+00
1.513208895778405804e+03 4.808003184916852746e+00 4.808003184916848305e+00
1.523337852972655355e+03 4.791680549579095505e+00 4.791680549579073300e+00
1.533519804576713341e+03 4.775436829388019611e+00 4.775436829387996518e+00
1.543754939871344959e+03 4.759271546403353703e+00 4.759271546403336828e+00
1.554043448408816175e+03 4.743184226121894831e+00 4.743184226121891278e+00
1.564385520011927156e+03 4.727174397449077858e+00 4.727174397449081411e+00
1.574781344773060482e+03 4.711241592670775802e+00 4.711241592670786460e+00
1.585231113053226863e+03 4.695385347425474976e+00 4.695385347425468758e+00
1.595735015481093797e+03 4.679605200676503429e+00 4.679605200676498100e+00
1.606293242952021956e+03 4.663900694684778969e+00 4.663900694684770087e+00
1.616905986627105676e+03 4.648271374981561621e+00 4.648271374981538528e+00
1.627573437932197066e+03 4.632716790341610213e+00 4.632716790341611102e+00
1.638295788556938533e+03 4.617236492756632060e+00 4.617236492756611632e+00
1.649073230453788028e+03 4.601830037408660701e+00 4.601830037408658924e+00
1.659905955837043166e+03 4.586496982644224119e+00 4.586496982644210796e+00
1.670794157181870560e+03 4.571236889948151472e+00 4.571236889948145254e+00
1.681738027223309700e+03 4.556049323918089478e+00 4.556049323918077931e+00
1.692737758955316167e+03 4.540933852239002810e+00 4.540933852239003699e+00
1.703793545629753453e+03 4.525890045658004013e+00 4.525890045657997796e+00
1.714905580755426627e+03 4.510917477959370814e+00 4.510917477959356603e+00
1.726074058097080069e+03 4.496015725939796148e+00 4.496015725939787266e+00
1.737299171674417494e+03 4.481184369383918842e+00 4.481184369383927724e+00
1.748581115761112187e+03 4.466422991040091439e+00 4.466422991040073676e+00
1.759920084883798609e+03 4.451731176596107176e+00 4.451731176596103623e+00
1.771316273821096729e+03 4.437108514655649927e+00 4.437108514655658809e+00
1.782769877602602492e+03 4.422554596714473263e+00 4.422554596714474151e+00
1.794281091507890778e+03 4.408069017137033363e+00 4.408069017137041357e+00
1.805850111065517240e+03 4.393651373133353744e+00 4.393651373133338645e+00
1.817477132052006937e+03 4.379301264735926402e+00 4.379301264735925514e+00
1.829162350490868221e+03 4.365018294777109453e+00 4.365018294777101460e+00
1.840905962651563641e+03 4.350802068866395089e+00 4.350802068866391537e+00
1.852708165048516776e+03 4.336652195368155382e+00 4.336652195368144724e+00
1.864569154440098373e+03 4.322568285379427167e+00 4.322568285379412067e+00
1.876489127827612492e+03 4.308549952707966924e+00 4.308549952707970476e+00
1.888468282454286737e+03 4.294596813850571237e+00 4.294596813850565908e+00
1.900506815804253392e+03 4.280708487971348397e+00 4.280708487971345733e+00
1.912604925601531477e+03 4.266884596880512248e+00 4.266884596880509584e+00
1.924762809809016517e+03 4.253124765013132524e+00 4.253124765013127195e+00
1.936980666627449409e+03 4.239428619408143639e+00 4.239428619408142751e+00
1.949258694494401880e+03 4.225795789687611048e+00 4.225795789687603055e+00
1.961597092083247844e+03 4.212225908036037580e+00 4.212225908036027811e+00
1.973996058302150459e+03 4.198718609180041916e+00 4.198718609180031258e+00
1.986455792293012564e+03 4.185273530368021966e+00 4.185273530368016637e+00
